GLOBALTIME, DELTATIME, ID, STATE, POS_x, POS_y, VEL_x, VEL_y, FR_x, FR_y, MASS, ROTATION(DEGREES), FRICTIONCOEF.., RESTITUTIONCOEF.., AIR DRAG COEF..,  use air resistance
0.115271, 0.115271, 0, 1, 1.152710, 25.000000, 10.000000, 0.000000, 0.000000, 0.000000, 15.000000, 0.000000, 0.500000, 1.000000, 0.150000, 0, 
0.115271, 0.115271, 1, 1, 48.847290, 25.000000, -10.000000, 0.000000, 0.000000, 0.000000, 5.000000, 0.000000, 0.500000, 1.000000, 0.150000, 0, 
0.134189, 0.018918, 0, 1, 1.341890, 25.000000, 10.000000, 0.000000, 0.000000, 0.000000, 15.000000, 0.000000, 0.500000, 1.000000, 0.150000, 0, 
0.134189, 0.018918, 1, 1, 48.658112, 25.000000, -10.000000, 0.000000, 0.000000, 0.000000, 5.000000, 0.000000, 0.500000, 1.000000, 0.150000, 0, 
0.155269, 0.021080, 0, 1, 1.552690, 25.000000, 10.000000, 0.000000, 0.000000, 0.000000, 15.000000, 0.000000, 0.500000, 1.000000, 0.150000, 0, 
0.155269, 0.021080, 1, 1, 48.447311, 25.000000, -10.000000, 0.000000, 0.000000, 0.000000, 5.000000, 0.000000, 0.500000, 1.000000, 0.150000, 0, 
0.173282, 0.018013, 0, 1, 1.732820, 25.000000, 10.000000, 0.000000, 0.000000, 0.000000, 15.000000, 0.000000, 0.500000, 1.000000, 0.150000, 0, 
0.173282, 0.018013, 1, 1, 48.267181, 25.000000, -10.000000, 0.000000, 0.000000, 0.000000, 5.000000, 0.000000, 0.500000, 1.000000, 0.150000, 0, 
0.191667, 0.018385, 0, 1, 1.916670, 25.000000, 10.000000, 0.000000, 0.000000, 0.000000, 15.000000, 0.000000, 0.500000, 1.000000, 0.150000, 0, 
0.191667, 0.018385, 1, 1, 48.083332, 25.000000, -10.000000, 0.000000, 0.000000, 0.000000, 5.000000, 0.000000, 0.500000, 1.000000, 0.150000, 0, 
0.208861, 0.017194, 0, 1, 2.088610, 25.000000, 10.000000, 0.000000, 0.000000, 0.000000, 15.000000, 0.000000, 0.500000, 1.000000, 0.150000, 0, 
0.208861, 0.017194, 1, 1, 47.911392, 25.000000, -10.000000, 0.000000, 0.000000, 0.000000, 5.000000, 0.000000, 0.500000, 1.000000, 0.150000, 0, 
0.228341, 0.019480, 0, 1, 2.283410, 25.000000, 10.000000, 0.000000, 0.000000, 0.000000, 15.000000, 0.000000, 0.500000, 1.000000, 0.150000, 0, 
0.228341, 0.019480, 1, 1, 47.716591, 25.000000, -10.000000, 0.000000, 0.000000, 0.000000, 5.000000, 0.000000, 0.500000, 1.000000, 0.150000, 0, 
0.250978, 0.022637, 0, 1, 2.509780, 25.000000, 10.000000, 0.000000, 0.000000, 0.000000, 15.000000, 0.000000, 0.500000, 1.000000, 0.150000, 0, 
0.250978, 0.022637, 1, 1, 47.490219, 25.000000, -10.000000, 0.000000, 0.000000, 0.000000, 5.000000, 0.000000, 0.500000, 1.000000, 0.150000, 0, 
0.275941, 0.024963, 0, 1, 2.759410, 25.000000, 10.000000, 0.000000, 0.000000, 0.000000, 15.000000, 0.000000, 0.500000, 1.000000, 0.150000, 0, 
0.275941, 0.024963, 1, 1, 47.240589, 25.000000, -10.000000, 0.000000, 0.000000, 0.000000, 5.000000, 0.000000, 0.500000, 1.000000, 0.150000, 0, 
0.297076, 0.021135, 0, 1, 2.970760, 25.000000, 10.000000, 0.000000, 0.000000, 0.000000, 15.000000, 0.000000, 0.500000, 1.000000, 0.150000, 0, 
0.297076, 0.021135, 1, 1, 47.029240, 25.000000, -10.000000, 0.000000, 0.000000, 0.000000, 5.000000, 0.000000, 0.500000, 1.000000, 0.150000, 0, 
0.314981, 0.017905, 0, 1, 3.149810, 25.000000, 10.000000, 0.000000, 0.000000, 0.000000, 15.000000, 0.000000, 0.500000, 1.000000, 0.150000, 0, 
0.314981, 0.017905, 1, 1, 46.850189, 25.000000, -10.000000, 0.000000, 0.000000, 0.000000, 5.000000, 0.000000, 0.500000, 1.000000, 0.150000, 0, 
0.336421, 0.021440, 0, 1, 3.364210, 25.000000, 10.000000, 0.000000, 0.000000, 0.000000, 15.000000, 0.000000, 0.500000, 1.000000, 0.150000, 0, 
0.336421, 0.021440, 1, 1, 46.635788, 25.000000, -10.000000, 0.000000, 0.000000, 0.000000, 5.000000, 0.000000, 0.500000, 1.000000, 0.150000, 0, 
0.354106, 0.017685, 0, 1, 3.541060, 25.000000, 10.000000, 0.000000, 0.000000, 0.000000, 15.000000, 0.000000, 0.500000, 1.000000, 0.150000, 0, 
0.354106, 0.017685, 1, 1, 46.458939, 25.000000, -10.000000, 0.000000, 0.000000, 0.000000, 5.000000, 0.000000, 0.500000, 1.000000, 0.150000, 0, 
0.373767, 0.019661, 0, 1, 3.737670, 25.000000, 10.000000, 0.000000, 0.000000, 0.000000, 15.000000, 0.000000, 0.500000, 1.000000, 0.150000, 0, 
0.373767, 0.019661, 1, 1, 46.262329, 25.000000, -10.000000, 0.000000, 0.000000, 0.000000, 5.000000, 0.000000, 0.500000, 1.000000, 0.150000, 0, 
0.393623, 0.019856, 0, 1, 3.936230, 25.000000, 10.000000, 0.000000, 0.000000, 0.000000, 15.000000, 0.000000, 0.500000, 1.000000, 0.150000, 0, 
0.393623, 0.019856, 1, 1, 46.063770, 25.000000, -10.000000, 0.000000, 0.000000, 0.000000, 5.000000, 0.000000, 0.500000, 1.000000, 0.150000, 0, 
0.413454, 0.019831, 0, 1, 4.134540, 25.000000, 10.000000, 0.000000, 0.000000, 0.000000, 15.000000, 0.000000, 0.500000, 1.000000, 0.150000, 0, 
0.413454, 0.019831, 1, 1, 45.865459, 25.000000, -10.000000, 0.000000, 0.000000, 0.000000, 5.000000, 0.000000, 0.500000, 1.000000, 0.150000, 0, 
0.435352, 0.021898, 0, 1, 4.353520, 25.000000, 10.000000, 0.000000, 0.000000, 0.000000, 15.000000, 0.000000, 0.500000, 1.000000, 0.150000, 0, 
0.435352, 0.021898, 1, 1, 45.646481, 25.000000, -10.000000, 0.000000, 0.000000, 0.000000, 5.000000, 0.000000, 0.500000, 1.000000, 0.150000, 0, 
0.452489, 0.017137, 0, 1, 4.524890, 25.000000, 10.000000, 0.000000, 0.000000, 0.000000, 15.000000, 0.000000, 0.500000, 1.000000, 0.150000, 0, 
0.452489, 0.017137, 1, 1, 45.475109, 25.000000, -10.000000, 0.000000, 0.000000, 0.000000, 5.000000, 0.000000, 0.500000, 1.000000, 0.150000, 0, 
0.472451, 0.019962, 0, 1, 4.724510, 25.000000, 10.000000, 0.000000, 0.000000, 0.000000, 15.000000, 0.000000, 0.500000, 1.000000, 0.150000, 0, 
0.472451, 0.019962, 1, 1, 45.275490, 25.000000, -10.000000, 0.000000, 0.000000, 0.000000, 5.000000, 0.000000, 0.500000, 1.000000, 0.150000, 0, 
0.489661, 0.017210, 0, 1, 4.896610, 25.000000, 10.000000, 0.000000, 0.000000, 0.000000, 15.000000, 0.000000, 0.500000, 1.000000, 0.150000, 0, 
0.489661, 0.017210, 1, 1, 45.103390, 25.000000, -10.000000, 0.000000, 0.000000, 0.000000, 5.000000, 0.000000, 0.500000, 1.000000, 0.150000, 0, 
0.513289, 0.023628, 0, 1, 5.132890, 25.000000, 10.000000, 0.000000, 0.000000, 0.000000, 15.000000, 0.000000, 0.500000, 1.000000, 0.150000, 0, 
0.513289, 0.023628, 1, 1, 44.867111, 25.000000, -10.000000, 0.000000, 0.000000, 0.000000, 5.000000, 0.000000, 0.500000, 1.000000, 0.150000, 0, 
0.533708, 0.020419, 0, 1, 5.337080, 25.000000, 10.000000, 0.000000, 0.000000, 0.000000, 15.000000, 0.000000, 0.500000, 1.000000, 0.150000, 0, 
0.533708, 0.020419, 1, 1, 44.662922, 25.000000, -10.000000, 0.000000, 0.000000, 0.000000, 5.000000, 0.000000, 0.500000, 1.000000, 0.150000, 0, 
0.554739, 0.021031, 0, 1, 5.547390, 25.000000, 10.000000, 0.000000, 0.000000, 0.000000, 15.000000, 0.000000, 0.500000, 1.000000, 0.150000, 0, 
0.554739, 0.021031, 1, 1, 44.452610, 25.000000, -10.000000, 0.000000, 0.000000, 0.000000, 5.000000, 0.000000, 0.500000, 1.000000, 0.150000, 0, 
0.575957, 0.021218, 0, 1, 5.759570, 25.000000, 10.000000, 0.000000, 0.000000, 0.000000, 15.000000, 0.000000, 0.500000, 1.000000, 0.150000, 0, 
0.575957, 0.021218, 1, 1, 44.240429, 25.000000, -10.000000, 0.000000, 0.000000, 0.000000, 5.000000, 0.000000, 0.500000, 1.000000, 0.150000, 0, 
0.592863, 0.016906, 0, 1, 5.928630, 25.000000, 10.000000, 0.000000, 0.000000, 0.000000, 15.000000, 0.000000, 0.500000, 1.000000, 0.150000, 0, 
0.592863, 0.016906, 1, 1, 44.071369, 25.000000, -10.000000, 0.000000, 0.000000, 0.000000, 5.000000, 0.000000, 0.500000, 1.000000, 0.150000, 0, 
0.612666, 0.019803, 0, 1, 6.126660, 25.000000, 10.000000, 0.000000, 0.000000, 0.000000, 15.000000, 0.000000, 0.500000, 1.000000, 0.150000, 0, 
0.612666, 0.019803, 1, 1, 43.873341, 25.000000, -10.000000, 0.000000, 0.000000, 0.000000, 5.000000, 0.000000, 0.500000, 1.000000, 0.150000, 0, 
0.630219, 0.017553, 0, 1, 6.302190, 25.000000, 10.000000, 0.000000, 0.000000, 0.000000, 15.000000, 0.000000, 0.500000, 1.000000, 0.150000, 0, 
0.630219, 0.017553, 1, 1, 43.697811, 25.000000, -10.000000, 0.000000, 0.000000, 0.000000, 5.000000, 0.000000, 0.500000, 1.000000, 0.150000, 0, 
0.651367, 0.021148, 0, 1, 6.513670, 25.000000, 10.000000, 0.000000, 0.000000, 0.000000, 15.000000, 0.000000, 0.500000, 1.000000, 0.150000, 0, 
0.651367, 0.021148, 1, 1, 43.486332, 25.000000, -10.000000, 0.000000, 0.000000, 0.000000, 5.000000, 0.000000, 0.500000, 1.000000, 0.150000, 0, 
0.670635, 0.019268, 0, 1, 6.706350, 25.000000, 10.000000, 0.000000, 0.000000, 0.000000, 15.000000, 0.000000, 0.500000, 1.000000, 0.150000, 0, 
0.670635, 0.019268, 1, 1, 43.293652, 25.000000, -10.000000, 0.000000, 0.000000, 0.000000, 5.000000, 0.000000, 0.500000, 1.000000, 0.150000, 0, 
0.695930, 0.025295, 0, 1, 6.959300, 25.000000, 10.000000, 0.000000, 0.000000, 0.000000, 15.000000, 0.000000, 0.500000, 1.000000, 0.150000, 0, 
0.695930, 0.025295, 1, 1, 43.040703, 25.000000, -10.000000, 0.000000, 0.000000, 0.000000, 5.000000, 0.000000, 0.500000, 1.000000, 0.150000, 0, 
0.717204, 0.021274, 0, 1, 7.172040, 25.000000, 10.000000, 0.000000, 0.000000, 0.000000, 15.000000, 0.000000, 0.500000, 1.000000, 0.150000, 0, 
0.717204, 0.021274, 1, 1, 42.827961, 25.000000, -10.000000, 0.000000, 0.000000, 0.000000, 5.000000, 0.000000, 0.500000, 1.000000, 0.150000, 0, 
0.736299, 0.019095, 0, 1, 7.362990, 25.000000, 10.000000, 0.000000, 0.000000, 0.000000, 15.000000, 0.000000, 0.500000, 1.000000, 0.150000, 0, 
0.736299, 0.019095, 1, 1, 42.637012, 25.000000, -10.000000, 0.000000, 0.000000, 0.000000, 5.000000, 0.000000, 0.500000, 1.000000, 0.150000, 0, 
0.770692, 0.034393, 0, 1, 7.706920, 25.000000, 10.000000, 0.000000, 0.000000, 0.000000, 15.000000, 0.000000, 0.500000, 1.000000, 0.150000, 0, 
0.770692, 0.034393, 1, 1, 42.293083, 25.000000, -10.000000, 0.000000, 0.000000, 0.000000, 5.000000, 0.000000, 0.500000, 1.000000, 0.150000, 0, 
0.791201, 0.020509, 0, 1, 7.912010, 25.000000, 10.000000, 0.000000, 0.000000, 0.000000, 15.000000, 0.000000, 0.500000, 1.000000, 0.150000, 0, 
0.791201, 0.020509, 1, 1, 42.087994, 25.000000, -10.000000, 0.000000, 0.000000, 0.000000, 5.000000, 0.000000, 0.500000, 1.000000, 0.150000, 0, 
0.812271, 0.021070, 0, 1, 8.122709, 25.000000, 10.000000, 0.000000, 0.000000, 0.000000, 15.000000, 0.000000, 0.500000, 1.000000, 0.150000, 0, 
0.812271, 0.021070, 1, 1, 41.877293, 25.000000, -10.000000, 0.000000, 0.000000, 0.000000, 5.000000, 0.000000, 0.500000, 1.000000, 0.150000, 0, 
0.829172, 0.016901, 0, 1, 8.291719, 25.000000, 10.000000, 0.000000, 0.000000, 0.000000, 15.000000, 0.000000, 0.500000, 1.000000, 0.150000, 0, 
0.829172, 0.016901, 1, 1, 41.708282, 25.000000, -10.000000, 0.000000, 0.000000, 0.000000, 5.000000, 0.000000, 0.500000, 1.000000, 0.150000, 0, 
0.850672, 0.021500, 0, 1, 8.506720, 25.000000, 10.000000, 0.000000, 0.000000, 0.000000, 15.000000, 0.000000, 0.500000, 1.000000, 0.150000, 0, 
0.850672, 0.021500, 1, 1, 41.493282, 25.000000, -10.000000, 0.000000, 0.000000, 0.000000, 5.000000, 0.000000, 0.500000, 1.000000, 0.150000, 0, 
0.871715, 0.021043, 0, 1, 8.717150, 25.000000, 10.000000, 0.000000, 0.000000, 0.000000, 15.000000, 0.000000, 0.500000, 1.000000, 0.150000, 0, 
0.871715, 0.021043, 1, 1, 41.282852, 25.000000, -10.000000, 0.000000, 0.000000, 0.000000, 5.000000, 0.000000, 0.500000, 1.000000, 0.150000, 0, 
0.889313, 0.017598, 0, 1, 8.893129, 25.000000, 10.000000, 0.000000, 0.000000, 0.000000, 15.000000, 0.000000, 0.500000, 1.000000, 0.150000, 0, 
0.889313, 0.017598, 1, 1, 41.106873, 25.000000, -10.000000, 0.000000, 0.000000, 0.000000, 5.000000, 0.000000, 0.500000, 1.000000, 0.150000, 0, 
0.909374, 0.020061, 0, 1, 9.093740, 25.000000, 10.000000, 0.000000, 0.000000, 0.000000, 15.000000, 0.000000, 0.500000, 1.000000, 0.150000, 0, 
0.909374, 0.020061, 1, 1, 40.906261, 25.000000, -10.000000, 0.000000, 0.000000, 0.000000, 5.000000, 0.000000, 0.500000, 1.000000, 0.150000, 0, 
0.927082, 0.017708, 0, 1, 9.270820, 25.000000, 10.000000, 0.000000, 0.000000, 0.000000, 15.000000, 0.000000, 0.500000, 1.000000, 0.150000, 0, 
0.927082, 0.017708, 1, 1, 40.729183, 25.000000, -10.000000, 0.000000, 0.000000, 0.000000, 5.000000, 0.000000, 0.500000, 1.000000, 0.150000, 0, 
0.948823, 0.021741, 0, 1, 9.488230, 25.000000, 10.000000, 0.000000, 0.000000, 0.000000, 15.000000, 0.000000, 0.500000, 1.000000, 0.150000, 0, 
0.948823, 0.021741, 1, 1, 40.511772, 25.000000, -10.000000, 0.000000, 0.000000, 0.000000, 5.000000, 0.000000, 0.500000, 1.000000, 0.150000, 0, 
0.966939, 0.018116, 0, 1, 9.669390, 25.000000, 10.000000, 0.000000, 0.000000, 0.000000, 15.000000, 0.000000, 0.500000, 1.000000, 0.150000, 0, 
0.966939, 0.018116, 1, 1, 40.330612, 25.000000, -10.000000, 0.000000, 0.000000, 0.000000, 5.000000, 0.000000, 0.500000, 1.000000, 0.150000, 0, 
0.987605, 0.020666, 0, 1, 9.876050, 25.000000, 10.000000, 0.000000, 0.000000, 0.000000, 15.000000, 0.000000, 0.500000, 1.000000, 0.150000, 0, 
0.987605, 0.020666, 1, 1, 40.123951, 25.000000, -10.000000, 0.000000, 0.000000, 0.000000, 5.000000, 0.000000, 0.500000, 1.000000, 0.150000, 0, 
1.011261, 0.023656, 0, 1, 10.112610, 25.000000, 10.000000, 0.000000, 0.000000, 0.000000, 15.000000, 0.000000, 0.500000, 1.000000, 0.150000, 0, 
1.011261, 0.023656, 1, 1, 39.887390, 25.000000, -10.000000, 0.000000, 0.000000, 0.000000, 5.000000, 0.000000, 0.500000, 1.000000, 0.150000, 0, 
1.031051, 0.019790, 0, 1, 10.310510, 25.000000, 10.000000, 0.000000, 0.000000, 0.000000, 15.000000, 0.000000, 0.500000, 1.000000, 0.150000, 0, 
1.031051, 0.019790, 1, 1, 39.689491, 25.000000, -10.000000, 0.000000, 0.000000, 0.000000, 5.000000, 0.000000, 0.500000, 1.000000, 0.150000, 0, 
1.048332, 0.017281, 0, 1, 10.483319, 25.000000, 10.000000, 0.000000, 0.000000, 0.000000, 15.000000, 0.000000, 0.500000, 1.000000, 0.150000, 0, 
1.048332, 0.017281, 1, 1, 39.516682, 25.000000, -10.000000, 0.000000, 0.000000, 0.000000, 5.000000, 0.000000, 0.500000, 1.000000, 0.150000, 0, 
1.065844, 0.017512, 0, 1, 10.658440, 25.000000, 10.000000, 0.000000, 0.000000, 0.000000, 15.000000, 0.000000, 0.500000, 1.000000, 0.150000, 0, 
1.065844, 0.017512, 1, 1, 39.341560, 25.000000, -10.000000, 0.000000, 0.000000, 0.000000, 5.000000, 0.000000, 0.500000, 1.000000, 0.150000, 0, 
1.084901, 0.019057, 0, 1, 10.849010, 25.000000, 10.000000, 0.000000, 0.000000, 0.000000, 15.000000, 0.000000, 0.500000, 1.000000, 0.150000, 0, 
1.084901, 0.019057, 1, 1, 39.150990, 25.000000, -10.000000, 0.000000, 0.000000, 0.000000, 5.000000, 0.000000, 0.500000, 1.000000, 0.150000, 0, 
1.103383, 0.018482, 0, 1, 11.033830, 25.000000, 10.000000, 0.000000, 0.000000, 0.000000, 15.000000, 0.000000, 0.500000, 1.000000, 0.150000, 0, 
1.103383, 0.018482, 1, 1, 38.966171, 25.000000, -10.000000, 0.000000, 0.000000, 0.000000, 5.000000, 0.000000, 0.500000, 1.000000, 0.150000, 0, 
1.120676, 0.017293, 0, 1, 11.206759, 25.000000, 10.000000, 0.000000, 0.000000, 0.000000, 15.000000, 0.000000, 0.500000, 1.000000, 0.150000, 0, 
1.120676, 0.017293, 1, 1, 38.793240, 25.000000, -10.000000, 0.000000, 0.000000, 0.000000, 5.000000, 0.000000, 0.500000, 1.000000, 0.150000, 0, 
1.137915, 0.017239, 0, 1, 11.379149, 25.000000, 10.000000, 0.000000, 0.000000, 0.000000, 15.000000, 0.000000, 0.500000, 1.000000, 0.150000, 0, 
1.137915, 0.017239, 1, 1, 38.620850, 25.000000, -10.000000, 0.000000, 0.000000, 0.000000, 5.000000, 0.000000, 0.500000, 1.000000, 0.150000, 0, 
1.159972, 0.022057, 0, 1, 11.599719, 25.000000, 10.000000, 0.000000, 0.000000, 0.000000, 15.000000, 0.000000, 0.500000, 1.000000, 0.150000, 0, 
1.159972, 0.022057, 1, 1, 38.400280, 25.000000, -10.000000, 0.000000, 0.000000, 0.000000, 5.000000, 0.000000, 0.500000, 1.000000, 0.150000, 0, 
1.179350, 0.019378, 0, 1, 11.793499, 25.000000, 10.000000, 0.000000, 0.000000, 0.000000, 15.000000, 0.000000, 0.500000, 1.000000, 0.150000, 0, 
1.179350, 0.019378, 1, 1, 38.206501, 25.000000, -10.000000, 0.000000, 0.000000, 0.000000, 5.000000, 0.000000, 0.500000, 1.000000, 0.150000, 0, 
1.200167, 0.020817, 0, 1, 12.001669, 25.000000, 10.000000, 0.000000, 0.000000, 0.000000, 15.000000, 0.000000, 0.500000, 1.000000, 0.150000, 0, 
1.200167, 0.020817, 1, 1, 37.998329, 25.000000, -10.000000, 0.000000, 0.000000, 0.000000, 5.000000, 0.000000, 0.500000, 1.000000, 0.150000, 0, 
1.218241, 0.018074, 0, 1, 12.182409, 25.000000, 10.000000, 0.000000, 0.000000, 0.000000, 15.000000, 0.000000, 0.500000, 1.000000, 0.150000, 0, 
1.218241, 0.018074, 1, 1, 37.817589, 25.000000, -10.000000, 0.000000, 0.000000, 0.000000, 5.000000, 0.000000, 0.500000, 1.000000, 0.150000, 0, 
1.235995, 0.017754, 0, 1, 12.359949, 25.000000, 10.000000, 0.000000, 0.000000, 0.000000, 15.000000, 0.000000, 0.500000, 1.000000, 0.150000, 0, 
1.235995, 0.017754, 1, 1, 37.640049, 25.000000, -10.000000, 0.000000, 0.000000, 0.000000, 5.000000, 0.000000, 0.500000, 1.000000, 0.150000, 0, 
1.252950, 0.016955, 0, 1, 12.529499, 25.000000, 10.000000, 0.000000, 0.000000, 0.000000, 15.000000, 0.000000, 0.500000, 1.000000, 0.150000, 0, 
1.252950, 0.016955, 1, 1, 37.470497, 25.000000, -10.000000, 0.000000, 0.000000, 0.000000, 5.000000, 0.000000, 0.500000, 1.000000, 0.150000, 0, 
1.276083, 0.023133, 0, 1, 12.760829, 25.000000, 10.000000, 0.000000, 0.000000, 0.000000, 15.000000, 0.000000, 0.500000, 1.000000, 0.150000, 0, 
1.276083, 0.023133, 1, 1, 37.239166, 25.000000, -10.000000, 0.000000, 0.000000, 0.000000, 5.000000, 0.000000, 0.500000, 1.000000, 0.150000, 0, 
1.293338, 0.017255, 0, 1, 12.933379, 25.000000, 10.000000, 0.000000, 0.000000, 0.000000, 15.000000, 0.000000, 0.500000, 1.000000, 0.150000, 0, 
1.293338, 0.017255, 1, 1, 37.066616, 25.000000, -10.000000, 0.000000, 0.000000, 0.000000, 5.000000, 0.000000, 0.500000, 1.000000, 0.150000, 0, 
1.311828, 0.018490, 0, 1, 13.118279, 25.000000, 10.000000, 0.000000, 0.000000, 0.000000, 15.000000, 0.000000, 0.500000, 1.000000, 0.150000, 0, 
1.311828, 0.018490, 1, 1, 36.881718, 25.000000, -10.000000, 0.000000, 0.000000, 0.000000, 5.000000, 0.000000, 0.500000, 1.000000, 0.150000, 0, 
1.334218, 0.022390, 0, 1, 13.342179, 25.000000, 10.000000, 0.000000, 0.000000, 0.000000, 15.000000, 0.000000, 0.500000, 1.000000, 0.150000, 0, 
1.334218, 0.022390, 1, 1, 36.657818, 25.000000, -10.000000, 0.000000, 0.000000, 0.000000, 5.000000, 0.000000, 0.500000, 1.000000, 0.150000, 0, 
1.355761, 0.021543, 0, 1, 13.557610, 25.000000, 10.000000, 0.000000, 0.000000, 0.000000, 15.000000, 0.000000, 0.500000, 1.000000, 0.150000, 0, 
1.355761, 0.021543, 1, 1, 36.442387, 25.000000, -10.000000, 0.000000, 0.000000, 0.000000, 5.000000, 0.000000, 0.500000, 1.000000, 0.150000, 0, 
1.380021, 0.024260, 0, 1, 13.800210, 25.000000, 10.000000, 0.000000, 0.000000, 0.000000, 15.000000, 0.000000, 0.500000, 1.000000, 0.150000, 0, 
1.380021, 0.024260, 1, 1, 36.199787, 25.000000, -10.000000, 0.000000, 0.000000, 0.000000, 5.000000, 0.000000, 0.500000, 1.000000, 0.150000, 0, 
1.399155, 0.019134, 0, 1, 13.991550, 25.000000, 10.000000, 0.000000, 0.000000, 0.000000, 15.000000, 0.000000, 0.500000, 1.000000, 0.150000, 0, 
1.399155, 0.019134, 1, 1, 36.008446, 25.000000, -10.000000, 0.000000, 0.000000, 0.000000, 5.000000, 0.000000, 0.500000, 1.000000, 0.150000, 0, 
1.417767, 0.018612, 0, 1, 14.177670, 25.000000, 10.000000, 0.000000, 0.000000, 0.000000, 15.000000, 0.000000, 0.500000, 1.000000, 0.150000, 0, 
1.417767, 0.018612, 1, 1, 35.822327, 25.000000, -10.000000, 0.000000, 0.000000, 0.000000, 5.000000, 0.000000, 0.500000, 1.000000, 0.150000, 0, 
1.438489, 0.020722, 0, 1, 14.384891, 25.000000, 10.000000, 0.000000, 0.000000, 0.000000, 15.000000, 0.000000, 0.500000, 1.000000, 0.150000, 0, 
1.438489, 0.020722, 1, 1, 35.615108, 25.000000, -10.000000, 0.000000, 0.000000, 0.000000, 5.000000, 0.000000, 0.500000, 1.000000, 0.150000, 0, 
1.459988, 0.021499, 0, 1, 14.599880, 25.000000, 10.000000, 0.000000, 0.000000, 0.000000, 15.000000, 0.000000, 0.500000, 1.000000, 0.150000, 0, 
1.459988, 0.021499, 1, 1, 35.400120, 25.000000, -10.000000, 0.000000, 0.000000, 0.000000, 5.000000, 0.000000, 0.500000, 1.000000, 0.150000, 0, 
1.478659, 0.018671, 0, 1, 14.786591, 25.000000, 10.000000, 0.000000, 0.000000, 0.000000, 15.000000, 0.000000, 0.500000, 1.000000, 0.150000, 0, 
1.478659, 0.018671, 1, 1, 35.213409, 25.000000, -10.000000, 0.000000, 0.000000, 0.000000, 5.000000, 0.000000, 0.500000, 1.000000, 0.150000, 0, 
1.501627, 0.022968, 0, 1, 15.016271, 25.000000, 10.000000, 0.000000, 0.000000, 0.000000, 15.000000, 0.000000, 0.500000, 1.000000, 0.150000, 0, 
1.501627, 0.022968, 1, 1, 34.983730, 25.000000, -10.000000, 0.000000, 0.000000, 0.000000, 5.000000, 0.000000, 0.500000, 1.000000, 0.150000, 0, 
1.518385, 0.016758, 0, 1, 15.183850, 25.000000, 10.000000, 0.000000, 0.000000, 0.000000, 15.000000, 0.000000, 0.500000, 1.000000, 0.150000, 0, 
1.518385, 0.016758, 1, 1, 34.816151, 25.000000, -10.000000, 0.000000, 0.000000, 0.000000, 5.000000, 0.000000, 0.500000, 1.000000, 0.150000, 0, 
1.543220, 0.024835, 0, 1, 15.432200, 25.000000, 10.000000, 0.000000, 0.000000, 0.000000, 15.000000, 0.000000, 0.500000, 1.000000, 0.150000, 0, 
1.543220, 0.024835, 1, 1, 34.567802, 25.000000, -10.000000, 0.000000, 0.000000, 0.000000, 5.000000, 0.000000, 0.500000, 1.000000, 0.150000, 0, 
1.567028, 0.023808, 0, 1, 15.670280, 25.000000, 10.000000, 0.000000, 0.000000, 0.000000, 15.000000, 0.000000, 0.500000, 1.000000, 0.150000, 0, 
1.567028, 0.023808, 1, 1, 34.329723, 25.000000, -10.000000, 0.000000, 0.000000, 0.000000, 5.000000, 0.000000, 0.500000, 1.000000, 0.150000, 0, 
1.590007, 0.022979, 0, 1, 15.900070, 25.000000, 10.000000, 0.000000, 0.000000, 0.000000, 15.000000, 0.000000, 0.500000, 1.000000, 0.150000, 0, 
1.590007, 0.022979, 1, 1, 34.099934, 25.000000, -10.000000, 0.000000, 0.000000, 0.000000, 5.000000, 0.000000, 0.500000, 1.000000, 0.150000, 0, 
1.607696, 0.017689, 0, 1, 16.076960, 25.000000, 10.000000, 0.000000, 0.000000, 0.000000, 15.000000, 0.000000, 0.500000, 1.000000, 0.150000, 0, 
1.607696, 0.017689, 1, 1, 33.923042, 25.000000, -10.000000, 0.000000, 0.000000, 0.000000, 5.000000, 0.000000, 0.500000, 1.000000, 0.150000, 0, 
1.632771, 0.025075, 0, 1, 16.327709, 25.000000, 10.000000, 0.000000, 0.000000, 0.000000, 15.000000, 0.000000, 0.500000, 1.000000, 0.150000, 0, 
1.632771, 0.025075, 1, 1, 33.672291, 25.000000, -10.000000, 0.000000, 0.000000, 0.000000, 5.000000, 0.000000, 0.500000, 1.000000, 0.150000, 0, 
1.656086, 0.023315, 0, 1, 16.560860, 25.000000, 10.000000, 0.000000, 0.000000, 0.000000, 15.000000, 0.000000, 0.500000, 1.000000, 0.150000, 0, 
1.656086, 0.023315, 1, 1, 33.439140, 25.000000, -10.000000, 0.000000, 0.000000, 0.000000, 5.000000, 0.000000, 0.500000, 1.000000, 0.150000, 0, 
1.676169, 0.020083, 0, 1, 16.761690, 25.000000, 10.000000, 0.000000, 0.000000, 0.000000, 15.000000, 0.000000, 0.500000, 1.000000, 0.150000, 0, 
1.676169, 0.020083, 1, 1, 33.238312, 25.000000, -10.000000, 0.000000, 0.000000, 0.000000, 5.000000, 0.000000, 0.500000, 1.000000, 0.150000, 0, 
1.693844, 0.017675, 0, 1, 16.938440, 25.000000, 10.000000, 0.000000, 0.000000, 0.000000, 15.000000, 0.000000, 0.500000, 1.000000, 0.150000, 0, 
1.693844, 0.017675, 1, 1, 33.061562, 25.000000, -10.000000, 0.000000, 0.000000, 0.000000, 5.000000, 0.000000, 0.500000, 1.000000, 0.150000, 0, 
1.712489, 0.018645, 0, 1, 17.124889, 25.000000, 10.000000, 0.000000, 0.000000, 0.000000, 15.000000, 0.000000, 0.500000, 1.000000, 0.150000, 0, 
1.712489, 0.018645, 1, 1, 32.875111, 25.000000, -10.000000, 0.000000, 0.000000, 0.000000, 5.000000, 0.000000, 0.500000, 1.000000, 0.150000, 0, 
1.730410, 0.017921, 0, 1, 17.304100, 25.000000, 10.000000, 0.000000, 0.000000, 0.000000, 15.000000, 0.000000, 0.500000, 1.000000, 0.150000, 0, 
1.730410, 0.017921, 1, 1, 32.695900, 25.000000, -10.000000, 0.000000, 0.000000, 0.000000, 5.000000, 0.000000, 0.500000, 1.000000, 0.150000, 0, 
1.750855, 0.020445, 0, 1, 17.508551, 25.000000, 10.000000, 0.000000, 0.000000, 0.000000, 15.000000, 0.000000, 0.500000, 1.000000, 0.150000, 0, 
1.750855, 0.020445, 1, 1, 32.491451, 25.000000, -10.000000, 0.000000, 0.000000, 0.000000, 5.000000, 0.000000, 0.500000, 1.000000, 0.150000, 0, 
1.768410, 0.017555, 0, 1, 17.684101, 25.000000, 10.000000, 0.000000, 0.000000, 0.000000, 15.000000, 0.000000, 0.500000, 1.000000, 0.150000, 0, 
1.768410, 0.017555, 1, 1, 32.315903, 25.000000, -10.000000, 0.000000, 0.000000, 0.000000, 5.000000, 0.000000, 0.500000, 1.000000, 0.150000, 0, 
1.785635, 0.017225, 0, 1, 17.856352, 25.000000, 10.000000, 0.000000, 0.000000, 0.000000, 15.000000, 0.000000, 0.500000, 1.000000, 0.150000, 0, 
1.785635, 0.017225, 1, 1, 32.143654, 25.000000, -10.000000, 0.000000, 0.000000, 0.000000, 5.000000, 0.000000, 0.500000, 1.000000, 0.150000, 0, 
1.802643, 0.017008, 0, 1, 18.026432, 25.000000, 10.000000, 0.000000, 0.000000, 0.000000, 15.000000, 0.000000, 0.500000, 1.000000, 0.150000, 0, 
1.802643, 0.017008, 1, 1, 31.973574, 25.000000, -10.000000, 0.000000, 0.000000, 0.000000, 5.000000, 0.000000, 0.500000, 1.000000, 0.150000, 0, 
1.826263, 0.023620, 0, 1, 18.262632, 25.000000, 10.000000, 0.000000, 0.000000, 0.000000, 15.000000, 0.000000, 0.500000, 1.000000, 0.150000, 0, 
1.826263, 0.023620, 1, 1, 31.737373, 25.000000, -10.000000, 0.000000, 0.000000, 0.000000, 5.000000, 0.000000, 0.500000, 1.000000, 0.150000, 0, 
1.849765, 0.023502, 0, 1, 18.497652, 25.000000, 10.000000, 0.000000, 0.000000, 0.000000, 15.000000, 0.000000, 0.500000, 1.000000, 0.150000, 0, 
1.849765, 0.023502, 1, 1, 31.502354, 25.000000, -10.000000, 0.000000, 0.000000, 0.000000, 5.000000, 0.000000, 0.500000, 1.000000, 0.150000, 0, 
1.868215, 0.018450, 0, 1, 18.682152, 25.000000, 10.000000, 0.000000, 0.000000, 0.000000, 15.000000, 0.000000, 0.500000, 1.000000, 0.150000, 0, 
1.868215, 0.018450, 1, 1, 31.317854, 25.000000, -10.000000, 0.000000, 0.000000, 0.000000, 5.000000, 0.000000, 0.500000, 1.000000, 0.150000, 0, 
1.888324, 0.020109, 0, 1, 18.883242, 25.000000, 10.000000, 0.000000, 0.000000, 0.000000, 15.000000, 0.000000, 0.500000, 1.000000, 0.150000, 0, 
1.888324, 0.020109, 1, 1, 31.116764, 25.000000, -10.000000, 0.000000, 0.000000, 0.000000, 5.000000, 0.000000, 0.500000, 1.000000, 0.150000, 0, 
1.911888, 0.023564, 0, 1, 19.118881, 25.000000, 10.000000, 0.000000, 0.000000, 0.000000, 15.000000, 0.000000, 0.500000, 1.000000, 0.150000, 0, 
1.911888, 0.023564, 1, 1, 30.881124, 25.000000, -10.000000, 0.000000, 0.000000, 0.000000, 5.000000, 0.000000, 0.500000, 1.000000, 0.150000, 0, 
1.933920, 0.022032, 0, 1, 19.339201, 25.000000, 10.000000, 0.000000, 0.000000, 0.000000, 15.000000, 0.000000, 0.500000, 1.000000, 0.150000, 0, 
1.933920, 0.022032, 1, 1, 30.660805, 25.000000, -10.000000, 0.000000, 0.000000, 0.000000, 5.000000, 0.000000, 0.500000, 1.000000, 0.150000, 0, 
1.956647, 0.022727, 0, 1, 19.566471, 25.000000, 10.000000, 0.000000, 0.000000, 0.000000, 15.000000, 0.000000, 0.500000, 1.000000, 0.150000, 0, 
1.956647, 0.022727, 1, 1, 30.433535, 25.000000, -10.000000, 0.000000, 0.000000, 0.000000, 5.000000, 0.000000, 0.500000, 1.000000, 0.150000, 0, 
1.982145, 0.025498, 0, 1, 19.821451, 25.000000, 10.000000, 0.000000, 0.000000, 0.000000, 15.000000, 0.000000, 0.500000, 1.000000, 0.150000, 0, 
1.982145, 0.025498, 1, 1, 30.178555, 25.000000, -10.000000, 0.000000, 0.000000, 0.000000, 5.000000, 0.000000, 0.500000, 1.000000, 0.150000, 0, 
1.999320, 0.017175, 0, 1, 19.993200, 25.000000, 10.000000, 0.000000, 0.000000, 0.000000, 15.000000, 0.000000, 0.500000, 1.000000, 0.150000, 0, 
1.999320, 0.017175, 1, 1, 30.006805, 25.000000, -10.000000, 0.000000, 0.000000, 0.000000, 5.000000, 0.000000, 0.500000, 1.000000, 0.150000, 0, 
2.016541, 0.017221, 0, 1, 20.165411, 25.000000, 10.000000, 0.000000, 0.000000, 0.000000, 15.000000, 0.000000, 0.500000, 1.000000, 0.150000, 0, 
2.016541, 0.017221, 1, 1, 29.834595, 25.000000, -10.000000, 0.000000, 0.000000, 0.000000, 5.000000, 0.000000, 0.500000, 1.000000, 0.150000, 0, 
2.034939, 0.018397, 0, 1, 20.349380, 25.000000, 10.000000, 0.000000, 0.000000, 0.000000, 15.000000, 0.000000, 0.500000, 1.000000, 0.150000, 0, 
2.034939, 0.018397, 1, 1, 29.650625, 25.000000, -10.000000, 0.000000, 0.000000, 0.000000, 5.000000, 0.000000, 0.500000, 1.000000, 0.150000, 0, 
2.056300, 0.021361, 0, 1, 20.562990, 25.000000, 10.000000, 0.000000, 0.000000, 0.000000, 15.000000, 0.000000, 0.500000, 1.000000, 0.150000, 0, 
2.056300, 0.021361, 1, 1, 29.437016, 25.000000, -10.000000, 0.000000, 0.000000, 0.000000, 5.000000, 0.000000, 0.500000, 1.000000, 0.150000, 0, 
2.080511, 0.024211, 0, 1, 20.805099, 25.000000, 10.000000, 0.000000, 0.000000, 0.000000, 15.000000, 0.000000, 0.500000, 1.000000, 0.150000, 0, 
2.080511, 0.024211, 1, 1, 29.194906, 25.000000, -10.000000, 0.000000, 0.000000, 0.000000, 5.000000, 0.000000, 0.500000, 1.000000, 0.150000, 0, 
2.098113, 0.017602, 0, 1, 20.981119, 25.000000, 10.000000, 0.000000, 0.000000, 0.000000, 15.000000, 0.000000, 0.500000, 1.000000, 0.150000, 0, 
2.098113, 0.017602, 1, 1, 29.018887, 25.000000, -10.000000, 0.000000, 0.000000, 0.000000, 5.000000, 0.000000, 0.500000, 1.000000, 0.150000, 0, 
2.117108, 0.018995, 0, 1, 21.171070, 25.000000, 10.000000, 0.000000, 0.000000, 0.000000, 15.000000, 0.000000, 0.500000, 1.000000, 0.150000, 0, 
2.117108, 0.018995, 1, 1, 28.828936, 25.000000, -10.000000, 0.000000, 0.000000, 0.000000, 5.000000, 0.000000, 0.500000, 1.000000, 0.150000, 0, 
2.135407, 0.018299, 0, 1, 21.354059, 25.000000, 10.000000, 0.000000, 0.000000, 0.000000, 15.000000, 0.000000, 0.500000, 1.000000, 0.150000, 0, 
2.135407, 0.018299, 1, 1, 28.645947, 25.000000, -10.000000, 0.000000, 0.000000, 0.000000, 5.000000, 0.000000, 0.500000, 1.000000, 0.150000, 0, 
2.157488, 0.022081, 0, 1, 21.574869, 25.000000, 10.000000, 0.000000, 0.000000, 0.000000, 15.000000, 0.000000, 0.500000, 1.000000, 0.150000, 0, 
2.157488, 0.022081, 1, 1, 28.425137, 25.000000, -10.000000, 0.000000, 0.000000, 0.000000, 5.000000, 0.000000, 0.500000, 1.000000, 0.150000, 0, 
2.175654, 0.018166, 0, 1, 21.756529, 25.000000, 10.000000, 0.000000, 0.000000, 0.000000, 15.000000, 0.000000, 0.500000, 1.000000, 0.150000, 0, 
2.175654, 0.018166, 1, 1, 28.243477, 25.000000, -10.000000, 0.000000, 0.000000, 0.000000, 5.000000, 0.000000, 0.500000, 1.000000, 0.150000, 0, 
2.195439, 0.019785, 0, 1, 21.954378, 25.000000, 10.000000, 0.000000, 0.000000, 0.000000, 15.000000, 0.000000, 0.500000, 1.000000, 0.150000, 0, 
2.195439, 0.019785, 1, 1, 28.045628, 25.000000, -10.000000, 0.000000, 0.000000, 0.000000, 5.000000, 0.000000, 0.500000, 1.000000, 0.150000, 0, 
2.213057, 0.017618, 0, 1, 22.130558, 25.000000, 10.000000, 0.000000, 0.000000, 0.000000, 15.000000, 0.000000, 0.500000, 1.000000, 0.150000, 0, 
2.213057, 0.017618, 1, 1, 27.869448, 25.000000, -10.000000, 0.000000, 0.000000, 0.000000, 5.000000, 0.000000, 0.500000, 1.000000, 0.150000, 0, 
2.234071, 0.021015, 0, 1, 22.340708, 25.000000, 10.000000, 0.000000, 0.000000, 0.000000, 15.000000, 0.000000, 0.500000, 1.000000, 0.150000, 0, 
2.234071, 0.021015, 1, 1, 27.659298, 25.000000, -10.000000, 0.000000, 0.000000, 0.000000, 5.000000, 0.000000, 0.500000, 1.000000, 0.150000, 0, 
2.253181, 0.019110, 0, 1, 22.531807, 25.000000, 10.000000, 0.000000, 0.000000, 0.000000, 15.000000, 0.000000, 0.500000, 1.000000, 0.150000, 0, 
2.253181, 0.019110, 1, 1, 27.468199, 25.000000, -10.000000, 0.000000, 0.000000, 0.000000, 5.000000, 0.000000, 0.500000, 1.000000, 0.150000, 0, 
2.271951, 0.018770, 0, 1, 22.719507, 25.000000, 10.000000, 0.000000, 0.000000, 0.000000, 15.000000, 0.000000, 0.500000, 1.000000, 0.150000, 0, 
2.271951, 0.018770, 1, 1, 27.280499, 25.000000, -10.000000, 0.000000, 0.000000, 0.000000, 5.000000, 0.000000, 0.500000, 1.000000, 0.150000, 0, 
2.292089, 0.020138, 0, 1, 22.920887, 25.000000, 10.000000, 0.000000, 0.000000, 0.000000, 15.000000, 0.000000, 0.500000, 1.000000, 0.150000, 0, 
2.292089, 0.020138, 1, 1, 27.079119, 25.000000, -10.000000, 0.000000, 0.000000, 0.000000, 5.000000, 0.000000, 0.500000, 1.000000, 0.150000, 0, 
2.314470, 0.022380, 0, 1, 23.144688, 25.000000, 10.000000, 0.000000, 0.000000, 0.000000, 15.000000, 0.000000, 0.500000, 1.000000, 0.150000, 0, 
2.314470, 0.022380, 1, 1, 26.855318, 25.000000, -10.000000, 0.000000, 0.000000, 0.000000, 5.000000, 0.000000, 0.500000, 1.000000, 0.150000, 0, 
2.341360, 0.026890, 0, 1, 23.413588, 25.000000, 10.000000, 0.000000, 0.000000, 0.000000, 15.000000, 0.000000, 0.500000, 1.000000, 0.150000, 0, 
2.341360, 0.026890, 1, 1, 26.586418, 25.000000, -10.000000, 0.000000, 0.000000, 0.000000, 5.000000, 0.000000, 0.500000, 1.000000, 0.150000, 0, 
2.363482, 0.022122, 0, 1, 23.634808, 25.000000, 10.000000, 0.000000, 0.000000, 0.000000, 15.000000, 0.000000, 0.500000, 1.000000, 0.150000, 0, 
2.363482, 0.022122, 1, 1, 26.365198, 25.000000, -10.000000, 0.000000, 0.000000, 0.000000, 5.000000, 0.000000, 0.500000, 1.000000, 0.150000, 0, 
2.386523, 0.023041, 0, 1, 26.730413, 25.000000, 10.000000, 0.000000, 0.000000, 0.000000, 15.000000, 0.000000, 0.500000, 1.000000, 0.150000, 0, 
2.386523, 0.023041, 1, 1, 26.269594, 25.000000, -10.000000, 0.000000, 0.000000, 0.000000, 5.000000, 0.000000, 0.500000, 1.000000, 0.150000, 0, 
2.404033, 0.017511, 0, 1, 28.635933, 25.000000, 10.000000, 0.000000, 0.000000, 0.000000, 15.000000, 0.000000, 0.500000, 1.000000, 0.150000, 0, 
2.404033, 0.017511, 1, 1, 28.285713, 25.000000, -10.000000, 0.000000, 0.000000, 0.000000, 5.000000, 0.000000, 0.500000, 1.000000, 0.150000, 0, 
2.421999, 0.017966, 0, 1, 30.490704, 25.000000, 10.000000, 0.000000, 0.000000, 0.000000, 15.000000, 0.000000, 0.500000, 1.000000, 0.150000, 0, 
2.421999, 0.017966, 1, 1, 30.131382, 25.000000, -10.000000, 0.000000, 0.000000, 0.000000, 5.000000, 0.000000, 0.500000, 1.000000, 0.150000, 0, 
2.444861, 0.022862, 0, 1, 32.398983, 25.000000, 10.000000, 0.000000, 0.000000, 0.000000, 15.000000, 0.000000, 0.500000, 1.000000, 0.150000, 0, 
2.444861, 0.022862, 1, 1, 31.941744, 25.000000, -10.000000, 0.000000, 0.000000, 0.000000, 5.000000, 0.000000, 0.500000, 1.000000, 0.150000, 0, 
2.466895, 0.022034, 0, 1, 34.347950, 25.000000, 10.000000, 0.000000, 0.000000, 0.000000, 15.000000, 0.000000, 0.500000, 1.000000, 0.150000, 0, 
2.466895, 0.022034, 1, 1, 33.907269, 25.000000, -10.000000, 0.000000, 0.000000, 0.000000, 5.000000, 0.000000, 0.500000, 1.000000, 0.150000, 0, 
2.487758, 0.020863, 0, 1, 36.276920, 25.000000, 10.000000, 0.000000, 0.000000, 0.000000, 15.000000, 0.000000, 0.500000, 1.000000, 0.150000, 0, 
2.487758, 0.020863, 1, 1, 35.859661, 25.000000, -10.000000, 0.000000, 0.000000, 0.000000, 5.000000, 0.000000, 0.500000, 1.000000, 0.150000, 0, 
2.504447, 0.016689, 0, 1, 38.152439, 25.000000, 10.000000, 0.000000, 0.000000, 0.000000, 15.000000, 0.000000, 0.500000, 1.000000, 0.150000, 0, 
2.504447, 0.016689, 1, 1, 37.818661, 25.000000, -10.000000, 0.000000, 0.000000, 0.000000, 5.000000, 0.000000, 0.500000, 1.000000, 0.150000, 0, 
2.526414, 0.021967, 0, 1, 40.038998, 25.000000, 10.000000, 0.000000, 0.000000, 0.000000, 15.000000, 0.000000, 0.500000, 1.000000, 0.150000, 0, 
2.526414, 0.021967, 1, 1, 39.599659, 25.000000, -10.000000, 0.000000, 0.000000, 0.000000, 5.000000, 0.000000, 0.500000, 1.000000, 0.150000, 0, 
2.550100, 0.023686, 0, 1, 41.995525, 25.000000, 10.000000, 0.000000, 0.000000, 0.000000, 15.000000, 0.000000, 0.500000, 1.000000, 0.150000, 0, 
2.550100, 0.023686, 1, 1, 41.521809, 25.000000, -10.000000, 0.000000, 0.000000, 0.000000, 5.000000, 0.000000, 0.500000, 1.000000, 0.150000, 0, 
2.570394, 0.020294, 0, 1, 43.935326, 25.000000, 10.000000, 0.000000, 0.000000, 0.000000, 15.000000, 0.000000, 0.500000, 1.000000, 0.150000, 0, 
2.570394, 0.020294, 1, 1, 43.529442, 25.000000, -10.000000, 0.000000, 0.000000, 0.000000, 5.000000, 0.000000, 0.500000, 1.000000, 0.150000, 0, 
2.588509, 0.018115, 0, 1, 45.819416, 25.000000, 10.000000, 0.000000, 0.000000, 0.000000, 15.000000, 0.000000, 0.500000, 1.000000, 0.150000, 0, 
2.588509, 0.018115, 1, 1, 45.457119, 25.000000, -10.000000, 0.000000, 0.000000, 0.000000, 5.000000, 0.000000, 0.500000, 1.000000, 0.150000, 0, 
2.606293, 0.017784, 0, 1, 47.678406, 25.000000, 10.000000, 0.000000, 0.000000, 0.000000, 15.000000, 0.000000, 0.500000, 1.000000, 0.150000, 0, 
2.606293, 0.017784, 1, 1, 47.322723, 25.000000, -10.000000, 0.000000, 0.000000, 0.000000, 5.000000, 0.000000, 0.500000, 1.000000, 0.150000, 0, 
2.628432, 0.022139, 0, 1, 49.577637, 25.000000, 10.000000, 0.000000, 0.000000, 0.000000, 15.000000, 0.000000, 0.500000, 1.000000, 0.150000, 0, 
2.628432, 0.022139, 1, 1, 49.134857, 25.000000, -10.000000, 0.000000, 0.000000, 0.000000, 5.000000, 0.000000, 0.500000, 1.000000, 0.150000, 0, 
2.649709, 0.021277, 0, 1, 51.511795, 25.000000, 10.000000, 0.000000, 0.000000, 0.000000, 15.000000, 0.000000, 0.500000, 1.000000, 0.150000, 0, 
2.649709, 0.021277, 1, 1, 51.086258, 25.000000, -10.000000, 0.000000, 0.000000, 0.000000, 5.000000, 0.000000, 0.500000, 1.000000, 0.150000, 0, 
2.669899, 0.020190, 0, 1, 53.426464, 25.000000, 10.000000, 0.000000, 0.000000, 0.000000, 15.000000, 0.000000, 0.500000, 1.000000, 0.150000, 0, 
2.669899, 0.020190, 1, 1, 53.022663, 25.000000, -10.000000, 0.000000, 0.000000, 0.000000, 5.000000, 0.000000, 0.500000, 1.000000, 0.150000, 0, 
2.690926, 0.021027, 0, 1, 55.338634, 25.000000, 10.000000, 0.000000, 0.000000, 0.000000, 15.000000, 0.000000, 0.500000, 1.000000, 0.150000, 0, 
2.690926, 0.021027, 1, 1, 54.918095, 25.000000, -10.000000, 0.000000, 0.000000, 0.000000, 5.000000, 0.000000, 0.500000, 1.000000, 0.150000, 0, 
2.712588, 0.021662, 0, 1, 57.265526, 25.000000, 10.000000, 0.000000, 0.000000, 0.000000, 15.000000, 0.000000, 0.500000, 1.000000, 0.150000, 0, 
2.712588, 0.021662, 1, 1, 56.832283, 25.000000, -10.000000, 0.000000, 0.000000, 0.000000, 5.000000, 0.000000, 0.500000, 1.000000, 0.150000, 0, 
2.733595, 0.021007, 0, 1, 59.192219, 25.000000, 10.000000, 0.000000, 0.000000, 0.000000, 15.000000, 0.000000, 0.500000, 1.000000, 0.150000, 0, 
2.733595, 0.021007, 1, 1, 58.772076, 25.000000, -10.000000, 0.000000, 0.000000, 0.000000, 5.000000, 0.000000, 0.500000, 1.000000, 0.150000, 0, 
2.753610, 0.020015, 0, 1, 61.102440, 25.000000, 10.000000, 0.000000, 0.000000, 0.000000, 15.000000, 0.000000, 0.500000, 1.000000, 0.150000, 0, 
2.753610, 0.020015, 1, 1, 60.702141, 25.000000, -10.000000, 0.000000, 0.000000, 0.000000, 5.000000, 0.000000, 0.500000, 1.000000, 0.150000, 0, 
2.770407, 0.016797, 0, 1, 62.970558, 25.000000, 10.000000, 0.000000, 0.000000, 0.000000, 15.000000, 0.000000, 0.500000, 1.000000, 0.150000, 0, 
2.770407, 0.016797, 1, 1, 62.634621, 25.000000, -10.000000, 0.000000, 0.000000, 0.000000, 5.000000, 0.000000, 0.500000, 1.000000, 0.150000, 0, 
2.790196, 0.019789, 0, 1, 64.836418, 25.000000, 10.000000, 0.000000, 0.000000, 0.000000, 15.000000, 0.000000, 0.500000, 1.000000, 0.150000, 0, 
2.790196, 0.019789, 1, 1, 64.440636, 25.000000, -10.000000, 0.000000, 0.000000, 0.000000, 5.000000, 0.000000, 0.500000, 1.000000, 0.150000, 0, 
2.812083, 0.021887, 0, 1, 66.753181, 25.000000, 10.000000, 0.000000, 0.000000, 0.000000, 15.000000, 0.000000, 0.500000, 1.000000, 0.150000, 0, 
2.812083, 0.021887, 1, 1, 66.315437, 25.000000, -10.000000, 0.000000, 0.000000, 0.000000, 5.000000, 0.000000, 0.500000, 1.000000, 0.150000, 0, 
2.832787, 0.020703, 0, 1, 68.679085, 25.000000, 10.000000, 0.000000, 0.000000, 0.000000, 15.000000, 0.000000, 0.500000, 1.000000, 0.150000, 0, 
2.832787, 0.020703, 1, 1, 68.265022, 25.000000, -10.000000, 0.000000, 0.000000, 0.000000, 5.000000, 0.000000, 0.500000, 1.000000, 0.150000, 0, 
2.853565, 0.020778, 0, 1, 70.593895, 25.000000, 10.000000, 0.000000, 0.000000, 0.000000, 15.000000, 0.000000, 0.500000, 1.000000, 0.150000, 0, 
2.853565, 0.020778, 1, 1, 70.178337, 25.000000, -10.000000, 0.000000, 0.000000, 0.000000, 5.000000, 0.000000, 0.500000, 1.000000, 0.150000, 0, 
2.873055, 0.019491, 0, 1, 72.496582, 25.000000, 10.000000, 0.000000, 0.000000, 0.000000, 15.000000, 0.000000, 0.500000, 1.000000, 0.150000, 0, 
2.873055, 0.019491, 1, 1, 72.106766, 25.000000, -10.000000, 0.000000, 0.000000, 0.000000, 5.000000, 0.000000, 0.500000, 1.000000, 0.150000, 0, 
2.896127, 0.023071, 0, 1, 74.422203, 25.000000, 10.000000, 0.000000, 0.000000, 0.000000, 15.000000, 0.000000, 0.500000, 1.000000, 0.150000, 0, 
2.896127, 0.023071, 1, 1, 73.960777, 25.000000, -10.000000, 0.000000, 0.000000, 0.000000, 5.000000, 0.000000, 0.500000, 1.000000, 0.150000, 0, 
2.913095, 0.016968, 0, 1, 76.322594, 25.000000, 10.000000, 0.000000, 0.000000, 0.000000, 15.000000, 0.000000, 0.500000, 1.000000, 0.150000, 0, 
2.913095, 0.016968, 1, 1, 75.983238, 25.000000, -10.000000, 0.000000, 0.000000, 0.000000, 5.000000, 0.000000, 0.500000, 1.000000, 0.150000, 0, 
2.933645, 0.020551, 0, 1, 78.197784, 25.000000, 10.000000, 0.000000, 0.000000, 0.000000, 15.000000, 0.000000, 0.500000, 1.000000, 0.150000, 0, 
2.933645, 0.020551, 1, 1, 77.786758, 25.000000, -10.000000, 0.000000, 0.000000, 0.000000, 5.000000, 0.000000, 0.500000, 1.000000, 0.150000, 0, 
2.953866, 0.020221, 0, 1, 80.105507, 25.000000, 10.000000, 0.000000, 0.000000, 0.000000, 15.000000, 0.000000, 0.500000, 1.000000, 0.150000, 0, 
2.953866, 0.020221, 1, 1, 79.701088, 25.000000, -10.000000, 0.000000, 0.000000, 0.000000, 5.000000, 0.000000, 0.500000, 1.000000, 0.150000, 0, 
2.970568, 0.016702, 0, 1, 81.974739, 25.000000, 10.000000, 0.000000, 0.000000, 0.000000, 15.000000, 0.000000, 0.500000, 1.000000, 0.150000, 0, 
2.970568, 0.016702, 1, 1, 81.640694, 25.000000, -10.000000, 0.000000, 0.000000, 0.000000, 5.000000, 0.000000, 0.500000, 1.000000, 0.150000, 0, 
2.994284, 0.023716, 0, 1, 83.878922, 25.000000, 10.000000, 0.000000, 0.000000, 0.000000, 15.000000, 0.000000, 0.500000, 1.000000, 0.150000, 0, 
2.994284, 0.023716, 1, 1, 83.404602, 25.000000, -10.000000, 0.000000, 0.000000, 0.000000, 5.000000, 0.000000, 0.500000, 1.000000, 0.150000, 0, 
3.011377, 0.017093, 0, 1, 85.787010, 25.000000, 10.000000, 0.000000, 0.000000, 0.000000, 15.000000, 0.000000, 0.500000, 1.000000, 0.150000, 0, 
3.011377, 0.017093, 1, 1, 85.445152, 25.000000, -10.000000, 0.000000, 0.000000, 0.000000, 5.000000, 0.000000, 0.500000, 1.000000, 0.150000, 0, 
3.033801, 0.022424, 0, 1, 87.682182, 25.000000, 10.000000, 0.000000, 0.000000, 0.000000, 15.000000, 0.000000, 0.500000, 1.000000, 0.150000, 0, 
3.033801, 0.022424, 1, 1, 87.233696, 25.000000, -10.000000, 0.000000, 0.000000, 0.000000, 5.000000, 0.000000, 0.500000, 1.000000, 0.150000, 0, 
3.052896, 0.019095, 0, 1, 89.597374, 25.000000, 10.000000, 0.000000, 0.000000, 0.000000, 15.000000, 0.000000, 0.500000, 1.000000, 0.150000, 0, 
3.052896, 0.019095, 1, 1, 89.215477, 25.000000, -10.000000, 0.000000, 0.000000, 0.000000, 5.000000, 0.000000, 0.500000, 1.000000, 0.150000, 0, 
3.071629, 0.018733, 0, 1, 91.475655, 25.000000, 10.000000, 0.000000, 0.000000, 0.000000, 15.000000, 0.000000, 0.500000, 1.000000, 0.150000, 0, 
3.071629, 0.018733, 1, 1, 91.100990, 25.000000, -10.000000, 0.000000, 0.000000, 0.000000, 5.000000, 0.000000, 0.500000, 1.000000, 0.150000, 0, 
3.099496, 0.027867, 0, 1, 93.441658, 25.000000, 10.000000, 0.000000, 0.000000, 0.000000, 15.000000, 0.000000, 0.500000, 1.000000, 0.150000, 0, 
3.099496, 0.027867, 1, 1, 92.884315, 25.000000, -10.000000, 0.000000, 0.000000, 0.000000, 5.000000, 0.000000, 0.500000, 1.000000, 0.150000, 0, 
3.117388, 0.017892, 0, 1, 95.399246, 25.000000, 10.000000, 0.000000, 0.000000, 0.000000, 15.000000, 0.000000, 0.500000, 1.000000, 0.150000, 0, 
3.117388, 0.017892, 1, 1, 95.041412, 25.000000, -10.000000, 0.000000, 0.000000, 0.000000, 5.000000, 0.000000, 0.500000, 1.000000, 0.150000, 0, 
3.138614, 0.021226, 0, 1, 97.290421, 25.000000, 10.000000, 0.000000, 0.000000, 0.000000, 15.000000, 0.000000, 0.500000, 1.000000, 0.150000, 0, 
3.138614, 0.021226, 1, 1, 96.865906, 25.000000, -10.000000, 0.000000, 0.000000, 0.000000, 5.000000, 0.000000, 0.500000, 1.000000, 0.150000, 0, 
3.161930, 0.023316, 0, 1, 99.235840, 25.000000, 10.000000, 0.000000, 0.000000, 0.000000, 15.000000, 0.000000, 0.500000, 1.000000, 0.150000, 0, 
3.161930, 0.023316, 1, 1, 98.769516, 25.000000, -10.000000, 0.000000, 0.000000, 0.000000, 5.000000, 0.000000, 0.500000, 1.000000, 0.150000, 0, 
3.181215, 0.019285, 0, 1, 101.161850, 25.000000, 10.000000, 0.000000, 0.000000, 0.000000, 15.000000, 0.000000, 0.500000, 1.000000, 0.150000, 0, 
3.181215, 0.019285, 1, 1, 100.776154, 25.000000, -10.000000, 0.000000, 0.000000, 0.000000, 5.000000, 0.000000, 0.500000, 1.000000, 0.150000, 0, 
3.199315, 0.018100, 0, 1, 103.035698, 25.000000, 10.000000, 0.000000, 0.000000, 0.000000, 15.000000, 0.000000, 0.500000, 1.000000, 0.150000, 0, 
3.199315, 0.018100, 1, 1, 102.673698, 25.000000, -10.000000, 0.000000, 0.000000, 0.000000, 5.000000, 0.000000, 0.500000, 1.000000, 0.150000, 0, 
3.217037, 0.017722, 0, 1, 104.893921, 25.000000, 10.000000, 0.000000, 0.000000, 0.000000, 15.000000, 0.000000, 0.500000, 1.000000, 0.150000, 0, 
3.217037, 0.017722, 1, 1, 104.539474, 25.000000, -10.000000, 0.000000, 0.000000, 0.000000, 5.000000, 0.000000, 0.500000, 1.000000, 0.150000, 0, 
3.236068, 0.019031, 0, 1, 106.761452, 25.000000, 10.000000, 0.000000, 0.000000, 0.000000, 15.000000, 0.000000, 0.500000, 1.000000, 0.150000, 0, 
3.236068, 0.019031, 1, 1, 106.380836, 25.000000, -10.000000, 0.000000, 0.000000, 0.000000, 5.000000, 0.000000, 0.500000, 1.000000, 0.150000, 0, 
3.254577, 0.018509, 0, 1, 108.636848, 25.000000, 10.000000, 0.000000, 0.000000, 0.000000, 15.000000, 0.000000, 0.500000, 1.000000, 0.150000, 0, 
3.254577, 0.018509, 1, 1, 108.266670, 25.000000, -10.000000, 0.000000, 0.000000, 0.000000, 5.000000, 0.000000, 0.500000, 1.000000, 0.150000, 0, 
3.273648, 0.019071, 0, 1, 110.512650, 25.000000, 10.000000, 0.000000, 0.000000, 0.000000, 15.000000, 0.000000, 0.500000, 1.000000, 0.150000, 0, 
3.273648, 0.019071, 1, 1, 110.131226, 25.000000, -10.000000, 0.000000, 0.000000, 0.000000, 5.000000, 0.000000, 0.500000, 1.000000, 0.150000, 0, 
3.296600, 0.022952, 0, 1, 112.432884, 25.000000, 10.000000, 0.000000, 0.000000, 0.000000, 15.000000, 0.000000, 0.500000, 1.000000, 0.150000, 0, 
3.296600, 0.022952, 1, 1, 111.973839, 25.000000, -10.000000, 0.000000, 0.000000, 0.000000, 5.000000, 0.000000, 0.500000, 1.000000, 0.150000, 0, 
3.316618, 0.020018, 0, 1, 114.362587, 25.000000, 10.000000, 0.000000, 0.000000, 0.000000, 15.000000, 0.000000, 0.500000, 1.000000, 0.150000, 0, 
3.316618, 0.020018, 1, 1, 113.962227, 25.000000, -10.000000, 0.000000, 0.000000, 0.000000, 5.000000, 0.000000, 0.500000, 1.000000, 0.150000, 0, 
3.334893, 0.018275, 0, 1, 116.245514, 25.000000, 10.000000, 0.000000, 0.000000, 0.000000, 15.000000, 0.000000, 0.500000, 1.000000, 0.150000, 0, 
3.334893, 0.018275, 1, 1, 115.880020, 25.000000, -10.000000, 0.000000, 0.000000, 0.000000, 5.000000, 0.000000, 0.500000, 1.000000, 0.150000, 0, 
3.351851, 0.016958, 0, 1, 118.097839, 25.000000, 10.000000, 0.000000, 0.000000, 0.000000, 15.000000, 0.000000, 0.500000, 1.000000, 0.150000, 0, 
3.351851, 0.016958, 1, 1, 117.758682, 25.000000, -10.000000, 0.000000, 0.000000, 0.000000, 5.000000, 0.000000, 0.500000, 1.000000, 0.150000, 0, 
3.374314, 0.022463, 0, 1, 119.992050, 25.000000, 10.000000, 0.000000, 0.000000, 0.000000, 15.000000, 0.000000, 0.500000, 1.000000, 0.150000, 0, 
3.374314, 0.022463, 1, 1, 119.542786, 25.000000, -10.000000, 0.000000, 0.000000, 0.000000, 5.000000, 0.000000, 0.500000, 1.000000, 0.150000, 0, 
3.394993, 0.020679, 0, 1, 121.923470, 25.000000, 10.000000, 0.000000, 0.000000, 0.000000, 15.000000, 0.000000, 0.500000, 1.000000, 0.150000, 0, 
3.394993, 0.020679, 1, 1, 121.509895, 25.000000, -10.000000, 0.000000, 0.000000, 0.000000, 5.000000, 0.000000, 0.500000, 1.000000, 0.150000, 0, 
3.412882, 0.017889, 0, 1, 123.809143, 25.000000, 10.000000, 0.000000, 0.000000, 0.000000, 15.000000, 0.000000, 0.500000, 1.000000, 0.150000, 0, 
3.412882, 0.017889, 1, 1, 123.451370, 25.000000, -10.000000, 0.000000, 0.000000, 0.000000, 5.000000, 0.000000, 0.500000, 1.000000, 0.150000, 0, 
3.431119, 0.018237, 0, 1, 125.670403, 25.000000, 10.000000, 0.000000, 0.000000, 0.000000, 15.000000, 0.000000, 0.500000, 1.000000, 0.150000, 0, 
3.431119, 0.018237, 1, 1, 125.305656, 25.000000, -10.000000, 0.000000, 0.000000, 0.000000, 5.000000, 0.000000, 0.500000, 1.000000, 0.150000, 0, 
3.450861, 0.019742, 0, 1, 127.550194, 25.000000, 10.000000, 0.000000, 0.000000, 0.000000, 15.000000, 0.000000, 0.500000, 1.000000, 0.150000, 0, 
3.450861, 0.019742, 1, 1, 127.155357, 25.000000, -10.000000, 0.000000, 0.000000, 0.000000, 5.000000, 0.000000, 0.500000, 1.000000, 0.150000, 0, 
3.470346, 0.019485, 0, 1, 129.442474, 25.000000, 10.000000, 0.000000, 0.000000, 0.000000, 15.000000, 0.000000, 0.500000, 1.000000, 0.150000, 0, 
3.470346, 0.019485, 1, 1, 129.052765, 25.000000, -10.000000, 0.000000, 0.000000, 0.000000, 5.000000, 0.000000, 0.500000, 1.000000, 0.150000, 0, 
3.489704, 0.019358, 0, 1, 131.330902, 25.000000, 10.000000, 0.000000, 0.000000, 0.000000, 15.000000, 0.000000, 0.500000, 1.000000, 0.150000, 0, 
3.489704, 0.019358, 1, 1, 130.943756, 25.000000, -10.000000, 0.000000, 0.000000, 0.000000, 5.000000, 0.000000, 0.500000, 1.000000, 0.150000, 0, 
3.510810, 0.021106, 0, 1, 133.235535, 25.000000, 10.000000, 0.000000, 0.000000, 0.000000, 15.000000, 0.000000, 0.500000, 1.000000, 0.150000, 0, 
3.510810, 0.021106, 1, 1, 132.813416, 25.000000, -10.000000, 0.000000, 0.000000, 0.000000, 5.000000, 0.000000, 0.500000, 1.000000, 0.150000, 0, 
3.528615, 0.017805, 0, 1, 135.124649, 25.000000, 10.000000, 0.000000, 0.000000, 0.000000, 15.000000, 0.000000, 0.500000, 1.000000, 0.150000, 0, 
3.528615, 0.017805, 1, 1, 134.768539, 25.000000, -10.000000, 0.000000, 0.000000, 0.000000, 5.000000, 0.000000, 0.500000, 1.000000, 0.150000, 0, 
3.545681, 0.017065, 0, 1, 136.973358, 25.000000, 10.000000, 0.000000, 0.000000, 0.000000, 15.000000, 0.000000, 0.500000, 1.000000, 0.150000, 0, 
3.545681, 0.017065, 1, 1, 136.632050, 25.000000, -10.000000, 0.000000, 0.000000, 0.000000, 5.000000, 0.000000, 0.500000, 1.000000, 0.150000, 0, 
3.565745, 0.020064, 0, 1, 138.844650, 25.000000, 10.000000, 0.000000, 0.000000, 0.000000, 15.000000, 0.000000, 0.500000, 1.000000, 0.150000, 0, 
3.565745, 0.020064, 1, 1, 138.443375, 25.000000, -10.000000, 0.000000, 0.000000, 0.000000, 5.000000, 0.000000, 0.500000, 1.000000, 0.150000, 0, 
3.582568, 0.016823, 0, 1, 140.713516, 25.000000, 10.000000, 0.000000, 0.000000, 0.000000, 15.000000, 0.000000, 0.500000, 1.000000, 0.150000, 0, 
3.582568, 0.016823, 1, 1, 140.377060, 25.000000, -10.000000, 0.000000, 0.000000, 0.000000, 5.000000, 0.000000, 0.500000, 1.000000, 0.150000, 0, 
3.600179, 0.017611, 0, 1, 142.557861, 25.000000, 10.000000, 0.000000, 0.000000, 0.000000, 15.000000, 0.000000, 0.500000, 1.000000, 0.150000, 0, 
3.600179, 0.017611, 1, 1, 142.205627, 25.000000, -10.000000, 0.000000, 0.000000, 0.000000, 5.000000, 0.000000, 0.500000, 1.000000, 0.150000, 0, 
3.617056, 0.016877, 0, 1, 144.402756, 25.000000, 10.000000, 0.000000, 0.000000, 0.000000, 15.000000, 0.000000, 0.500000, 1.000000, 0.150000, 0, 
3.617056, 0.016877, 1, 1, 144.065201, 25.000000, -10.000000, 0.000000, 0.000000, 0.000000, 5.000000, 0.000000, 0.500000, 1.000000, 0.150000, 0, 
3.634978, 0.017922, 0, 1, 146.250748, 25.000000, 10.000000, 0.000000, 0.000000, 0.000000, 15.000000, 0.000000, 0.500000, 1.000000, 0.150000, 0, 
3.634978, 0.017922, 1, 1, 145.892319, 25.000000, -10.000000, 0.000000, 0.000000, 0.000000, 5.000000, 0.000000, 0.500000, 1.000000, 0.150000, 0, 
3.655924, 0.020946, 0, 1, 148.139420, 25.000000, 10.000000, 0.000000, 0.000000, 0.000000, 15.000000, 0.000000, 0.500000, 1.000000, 0.150000, 0, 
3.655924, 0.020946, 1, 1, 147.720505, 25.000000, -10.000000, 0.000000, 0.000000, 0.000000, 5.000000, 0.000000, 0.500000, 1.000000, 0.150000, 0, 
3.679560, 0.023636, 0, 1, 150.085236, 25.000000, 10.000000, 0.000000, 0.000000, 0.000000, 15.000000, 0.000000, 0.500000, 1.000000, 0.150000, 0, 
3.679560, 0.023636, 1, 1, 149.612518, 25.000000, -10.000000, 0.000000, 0.000000, 0.000000, 5.000000, 0.000000, 0.500000, 1.000000, 0.150000, 0, 
3.701275, 0.021715, 0, 1, 152.038742, 25.000000, 10.000000, 0.000000, 0.000000, 0.000000, 15.000000, 0.000000, 0.500000, 1.000000, 0.150000, 0, 
3.701275, 0.021715, 1, 1, 151.604446, 25.000000, -10.000000, 0.000000, 0.000000, 0.000000, 5.000000, 0.000000, 0.500000, 1.000000, 0.150000, 0, 
3.721790, 0.020515, 0, 1, 153.961044, 25.000000, 10.000000, 0.000000, 0.000000, 0.000000, 15.000000, 0.000000, 0.500000, 1.000000, 0.150000, 0, 
3.721790, 0.020515, 1, 1, 153.550735, 25.000000, -10.000000, 0.000000, 0.000000, 0.000000, 5.000000, 0.000000, 0.500000, 1.000000, 0.150000, 0, 
3.748218, 0.026428, 0, 1, 155.930481, 25.000000, 10.000000, 0.000000, 0.000000, 0.000000, 15.000000, 0.000000, 0.500000, 1.000000, 0.150000, 0, 
3.748218, 0.026428, 1, 1, 155.401917, 25.000000, -10.000000, 0.000000, 0.000000, 0.000000, 5.000000, 0.000000, 0.500000, 1.000000, 0.150000, 0, 
3.766942, 0.018724, 0, 1, 157.882004, 25.000000, 10.000000, 0.000000, 0.000000, 0.000000, 15.000000, 0.000000, 0.500000, 1.000000, 0.150000, 0, 
3.766942, 0.018724, 1, 1, 157.507523, 25.000000, -10.000000, 0.000000, 0.000000, 0.000000, 5.000000, 0.000000, 0.500000, 1.000000, 0.150000, 0, 
3.785067, 0.018125, 0, 1, 159.750488, 25.000000, 10.000000, 0.000000, 0.000000, 0.000000, 15.000000, 0.000000, 0.500000, 1.000000, 0.150000, 0, 
3.785067, 0.018125, 1, 1, 159.388000, 25.000000, -10.000000, 0.000000, 0.000000, 0.000000, 5.000000, 0.000000, 0.500000, 1.000000, 0.150000, 0, 
3.803495, 0.018428, 0, 1, 161.616013, 25.000000, 10.000000, 0.000000, 0.000000, 0.000000, 15.000000, 0.000000, 0.500000, 1.000000, 0.150000, 0, 
3.803495, 0.018428, 1, 1, 161.247452, 25.000000, -10.000000, 0.000000, 0.000000, 0.000000, 5.000000, 0.000000, 0.500000, 1.000000, 0.150000, 0, 
3.827161, 0.023666, 0, 1, 163.536957, 25.000000, 10.000000, 0.000000, 0.000000, 0.000000, 15.000000, 0.000000, 0.500000, 1.000000, 0.150000, 0, 
3.827161, 0.023666, 1, 1, 163.063629, 25.000000, -10.000000, 0.000000, 0.000000, 0.000000, 5.000000, 0.000000, 0.500000, 1.000000, 0.150000, 0, 
3.850980, 0.023819, 0, 1, 165.511810, 25.000000, 10.000000, 0.000000, 0.000000, 0.000000, 15.000000, 0.000000, 0.500000, 1.000000, 0.150000, 0, 
3.850980, 0.023819, 1, 1, 165.035431, 25.000000, -10.000000, 0.000000, 0.000000, 0.000000, 5.000000, 0.000000, 0.500000, 1.000000, 0.150000, 0, 
3.877094, 0.026114, 0, 1, 167.511139, 25.000000, 10.000000, 0.000000, 0.000000, 0.000000, 15.000000, 0.000000, 0.500000, 1.000000, 0.150000, 0, 
3.877094, 0.026114, 1, 1, 166.988861, 25.000000, -10.000000, 0.000000, 0.000000, 0.000000, 5.000000, 0.000000, 0.500000, 1.000000, 0.150000, 0, 
3.899428, 0.022334, 0, 1, 169.495621, 25.000000, 10.000000, 0.000000, 0.000000, 0.000000, 15.000000, 0.000000, 0.500000, 1.000000, 0.150000, 0, 
3.899428, 0.022334, 1, 1, 169.048935, 25.000000, -10.000000, 0.000000, 0.000000, 0.000000, 5.000000, 0.000000, 0.500000, 1.000000, 0.150000, 0, 
3.919185, 0.019757, 0, 1, 171.416534, 25.000000, 10.000000, 0.000000, 0.000000, 0.000000, 15.000000, 0.000000, 0.500000, 1.000000, 0.150000, 0, 
3.919185, 0.019757, 1, 1, 171.021393, 25.000000, -10.000000, 0.000000, 0.000000, 0.000000, 5.000000, 0.000000, 0.500000, 1.000000, 0.150000, 0, 
3.940476, 0.021291, 0, 1, 173.327011, 25.000000, 10.000000, 0.000000, 0.000000, 0.000000, 15.000000, 0.000000, 0.500000, 1.000000, 0.150000, 0, 
3.940476, 0.021291, 1, 1, 172.901199, 25.000000, -10.000000, 0.000000, 0.000000, 0.000000, 5.000000, 0.000000, 0.500000, 1.000000, 0.150000, 0, 
3.965937, 0.025461, 0, 1, 175.294525, 25.000000, 10.000000, 0.000000, 0.000000, 0.000000, 15.000000, 0.000000, 0.500000, 1.000000, 0.150000, 0, 
3.965937, 0.025461, 1, 1, 174.785309, 25.000000, -10.000000, 0.000000, 0.000000, 0.000000, 5.000000, 0.000000, 0.500000, 1.000000, 0.150000, 0, 
3.984287, 0.018350, 0, 1, 177.232635, 25.000000, 10.000000, 0.000000, 0.000000, 0.000000, 15.000000, 0.000000, 0.500000, 1.000000, 0.150000, 0, 
3.984287, 0.018350, 1, 1, 176.865631, 25.000000, -10.000000, 0.000000, 0.000000, 0.000000, 5.000000, 0.000000, 0.500000, 1.000000, 0.150000, 0, 
4.046352, 0.062066, 0, 1, 179.536804, 25.000000, 10.000000, 0.000000, 0.000000, 0.000000, 15.000000, 0.000000, 0.500000, 1.000000, 0.150000, 0, 
4.046352, 0.062066, 1, 1, 178.295471, 25.000000, -10.000000, 0.000000, 0.000000, 0.000000, 5.000000, 0.000000, 0.500000, 1.000000, 0.150000, 0, 
