GLOBALTIME, DELTATIME, ID, STATE, POS_x, POS_y, VEL_x, VEL_y, FR_x, FR_y, MASS, ROTATION(DEGREES), FRICTIONCOEF.., RESTITUTIONCOEF.., AIR DRAG COEF..,  use air resistance
0.018333, 0.018333, 0, 1, 1.091665, 5.000000, 5.000000, 0.000000, 0.000000, 0.000000, 10.000000, 0.000000, 0.000000, 1.000000, 0.000000, 0, 
0.018333, 0.018333, 1, 1, 8.908335, 5.000000, -5.000000, 0.000000, 0.000000, 0.000000, 5.000000, 0.000000, 0.000000, 1.000000, 0.000000, 0, 
0.034999, 0.016666, 0, 1, 1.174995, 5.000000, 5.000000, 0.000000, 0.000000, 0.000000, 10.000000, 0.000000, 0.000000, 1.000000, 0.000000, 0, 
0.034999, 0.016666, 1, 1, 8.825005, 5.000000, -5.000000, 0.000000, 0.000000, 0.000000, 5.000000, 0.000000, 0.000000, 1.000000, 0.000000, 0, 
0.051665, 0.016666, 0, 1, 1.258325, 5.000000, 5.000000, 0.000000, 0.000000, 0.000000, 10.000000, 0.000000, 0.000000, 1.000000, 0.000000, 0, 
0.051665, 0.016666, 1, 1, 8.741674, 5.000000, -5.000000, 0.000000, 0.000000, 0.000000, 5.000000, 0.000000, 0.000000, 1.000000, 0.000000, 0, 
0.068331, 0.016666, 0, 1, 1.341655, 5.000000, 5.000000, 0.000000, 0.000000, 0.000000, 10.000000, 0.000000, 0.000000, 1.000000, 0.000000, 0, 
0.068331, 0.016666, 1, 1, 8.658344, 5.000000, -5.000000, 0.000000, 0.000000, 0.000000, 5.000000, 0.000000, 0.000000, 1.000000, 0.000000, 0, 
0.084997, 0.016666, 0, 1, 1.424985, 5.000000, 5.000000, 0.000000, 0.000000, 0.000000, 10.000000, 0.000000, 0.000000, 1.000000, 0.000000, 0, 
0.084997, 0.016666, 1, 1, 8.575014, 5.000000, -5.000000, 0.000000, 0.000000, 0.000000, 5.000000, 0.000000, 0.000000, 1.000000, 0.000000, 0, 
0.101663, 0.016666, 0, 1, 1.508315, 5.000000, 5.000000, 0.000000, 0.000000, 0.000000, 10.000000, 0.000000, 0.000000, 1.000000, 0.000000, 0, 
0.101663, 0.016666, 1, 1, 8.491684, 5.000000, -5.000000, 0.000000, 0.000000, 0.000000, 5.000000, 0.000000, 0.000000, 1.000000, 0.000000, 0, 
0.140563, 0.038900, 0, 1, 1.702815, 5.000000, 5.000000, 0.000000, 0.000000, 0.000000, 10.000000, 0.000000, 0.000000, 1.000000, 0.000000, 0, 
0.140563, 0.038900, 1, 1, 8.297184, 5.000000, -5.000000, 0.000000, 0.000000, 0.000000, 5.000000, 0.000000, 0.000000, 1.000000, 0.000000, 0, 
0.157333, 0.016770, 0, 1, 1.786665, 5.000000, 5.000000, 0.000000, 0.000000, 0.000000, 10.000000, 0.000000, 0.000000, 1.000000, 0.000000, 0, 
0.157333, 0.016770, 1, 1, 8.213334, 5.000000, -5.000000, 0.000000, 0.000000, 0.000000, 5.000000, 0.000000, 0.000000, 1.000000, 0.000000, 0, 
0.175959, 0.018626, 0, 1, 1.879795, 5.000000, 5.000000, 0.000000, 0.000000, 0.000000, 10.000000, 0.000000, 0.000000, 1.000000, 0.000000, 0, 
0.175959, 0.018626, 1, 1, 8.120204, 5.000000, -5.000000, 0.000000, 0.000000, 0.000000, 5.000000, 0.000000, 0.000000, 1.000000, 0.000000, 0, 
0.193467, 0.017508, 0, 1, 1.967335, 5.000000, 5.000000, 0.000000, 0.000000, 0.000000, 10.000000, 0.000000, 0.000000, 1.000000, 0.000000, 0, 
0.193467, 0.017508, 1, 1, 8.032664, 5.000000, -5.000000, 0.000000, 0.000000, 0.000000, 5.000000, 0.000000, 0.000000, 1.000000, 0.000000, 0, 
0.211604, 0.018137, 0, 1, 2.058020, 5.000000, 5.000000, 0.000000, 0.000000, 0.000000, 10.000000, 0.000000, 0.000000, 1.000000, 0.000000, 0, 
0.211604, 0.018137, 1, 1, 7.941979, 5.000000, -5.000000, 0.000000, 0.000000, 0.000000, 5.000000, 0.000000, 0.000000, 1.000000, 0.000000, 0, 
0.229138, 0.017534, 0, 1, 2.145690, 5.000000, 5.000000, 0.000000, 0.000000, 0.000000, 10.000000, 0.000000, 0.000000, 1.000000, 0.000000, 0, 
0.229138, 0.017534, 1, 1, 7.854310, 5.000000, -5.000000, 0.000000, 0.000000, 0.000000, 5.000000, 0.000000, 0.000000, 1.000000, 0.000000, 0, 
0.246161, 0.017023, 0, 1, 2.230805, 5.000000, 5.000000, 0.000000, 0.000000, 0.000000, 10.000000, 0.000000, 0.000000, 1.000000, 0.000000, 0, 
0.246161, 0.017023, 1, 1, 7.769195, 5.000000, -5.000000, 0.000000, 0.000000, 0.000000, 5.000000, 0.000000, 0.000000, 1.000000, 0.000000, 0, 
0.263179, 0.017018, 0, 1, 2.315895, 5.000000, 5.000000, 0.000000, 0.000000, 0.000000, 10.000000, 0.000000, 0.000000, 1.000000, 0.000000, 0, 
0.263179, 0.017018, 1, 1, 7.684104, 5.000000, -5.000000, 0.000000, 0.000000, 0.000000, 5.000000, 0.000000, 0.000000, 1.000000, 0.000000, 0, 
0.281188, 0.018009, 0, 1, 2.405940, 5.000000, 5.000000, 0.000000, 0.000000, 0.000000, 10.000000, 0.000000, 0.000000, 1.000000, 0.000000, 0, 
0.281188, 0.018009, 1, 1, 7.594059, 5.000000, -5.000000, 0.000000, 0.000000, 0.000000, 5.000000, 0.000000, 0.000000, 1.000000, 0.000000, 0, 
0.298357, 0.017169, 0, 1, 2.491785, 5.000000, 5.000000, 0.000000, 0.000000, 0.000000, 10.000000, 0.000000, 0.000000, 1.000000, 0.000000, 0, 
0.298357, 0.017169, 1, 1, 7.508214, 5.000000, -5.000000, 0.000000, 0.000000, 0.000000, 5.000000, 0.000000, 0.000000, 1.000000, 0.000000, 0, 
0.315748, 0.017391, 0, 1, 2.578740, 5.000000, 5.000000, 0.000000, 0.000000, 0.000000, 10.000000, 0.000000, 0.000000, 1.000000, 0.000000, 0, 
0.315748, 0.017391, 1, 1, 7.421259, 5.000000, -5.000000, 0.000000, 0.000000, 0.000000, 5.000000, 0.000000, 0.000000, 1.000000, 0.000000, 0, 
0.333989, 0.018241, 0, 1, 2.669945, 5.000000, 5.000000, 0.000000, 0.000000, 0.000000, 10.000000, 0.000000, 0.000000, 1.000000, 0.000000, 0, 
0.333989, 0.018241, 1, 1, 7.330054, 5.000000, -5.000000, 0.000000, 0.000000, 0.000000, 5.000000, 0.000000, 0.000000, 1.000000, 0.000000, 0, 
0.351064, 0.017075, 0, 1, 2.755320, 5.000000, 5.000000, 0.000000, 0.000000, 0.000000, 10.000000, 0.000000, 0.000000, 1.000000, 0.000000, 0, 
0.351064, 0.017075, 1, 1, 7.244679, 5.000000, -5.000000, 0.000000, 0.000000, 0.000000, 5.000000, 0.000000, 0.000000, 1.000000, 0.000000, 0, 
0.368398, 0.017334, 0, 1, 2.841990, 5.000000, 5.000000, 0.000000, 0.000000, 0.000000, 10.000000, 0.000000, 0.000000, 1.000000, 0.000000, 0, 
0.368398, 0.017334, 1, 1, 7.158010, 5.000000, -5.000000, 0.000000, 0.000000, 0.000000, 5.000000, 0.000000, 0.000000, 1.000000, 0.000000, 0, 
0.385470, 0.017072, 0, 1, 2.927350, 5.000000, 5.000000, 0.000000, 0.000000, 0.000000, 10.000000, 0.000000, 0.000000, 1.000000, 0.000000, 0, 
0.385470, 0.017072, 1, 1, 7.072649, 5.000000, -5.000000, 0.000000, 0.000000, 0.000000, 5.000000, 0.000000, 0.000000, 1.000000, 0.000000, 0, 
0.403239, 0.017769, 0, 1, 3.016195, 5.000000, 5.000000, 0.000000, 0.000000, 0.000000, 10.000000, 0.000000, 0.000000, 1.000000, 0.000000, 0, 
0.403239, 0.017769, 1, 1, 6.983805, 5.000000, -5.000000, 0.000000, 0.000000, 0.000000, 5.000000, 0.000000, 0.000000, 1.000000, 0.000000, 0, 
0.420310, 0.017071, 0, 1, 3.101550, 5.000000, 5.000000, 0.000000, 0.000000, 0.000000, 10.000000, 0.000000, 0.000000, 1.000000, 0.000000, 0, 
0.420310, 0.017071, 1, 1, 6.898450, 5.000000, -5.000000, 0.000000, 0.000000, 0.000000, 5.000000, 0.000000, 0.000000, 1.000000, 0.000000, 0, 
0.437713, 0.017403, 0, 1, 3.188565, 5.000000, 5.000000, 0.000000, 0.000000, 0.000000, 10.000000, 0.000000, 0.000000, 1.000000, 0.000000, 0, 
0.437713, 0.017403, 1, 1, 6.811435, 5.000000, -5.000000, 0.000000, 0.000000, 0.000000, 5.000000, 0.000000, 0.000000, 1.000000, 0.000000, 0, 
0.454944, 0.017231, 0, 1, 3.274720, 5.000000, 5.000000, 0.000000, 0.000000, 0.000000, 10.000000, 0.000000, 0.000000, 1.000000, 0.000000, 0, 
0.454944, 0.017231, 1, 1, 6.725280, 5.000000, -5.000000, 0.000000, 0.000000, 0.000000, 5.000000, 0.000000, 0.000000, 1.000000, 0.000000, 0, 
0.472079, 0.017135, 0, 1, 3.360395, 5.000000, 5.000000, 0.000000, 0.000000, 0.000000, 10.000000, 0.000000, 0.000000, 1.000000, 0.000000, 0, 
0.472079, 0.017135, 1, 1, 6.639605, 5.000000, -5.000000, 0.000000, 0.000000, 0.000000, 5.000000, 0.000000, 0.000000, 1.000000, 0.000000, 0, 
0.489828, 0.017749, 0, 1, 3.449140, 5.000000, 5.000000, 0.000000, 0.000000, 0.000000, 10.000000, 0.000000, 0.000000, 1.000000, 0.000000, 0, 
0.489828, 0.017749, 1, 1, 6.550859, 5.000000, -5.000000, 0.000000, 0.000000, 0.000000, 5.000000, 0.000000, 0.000000, 1.000000, 0.000000, 0, 
0.508021, 0.018193, 0, 1, 3.540105, 5.000000, 5.000000, 0.000000, 0.000000, 0.000000, 10.000000, 0.000000, 0.000000, 1.000000, 0.000000, 0, 
0.508021, 0.018193, 1, 1, 6.459895, 5.000000, -5.000000, 0.000000, 0.000000, 0.000000, 5.000000, 0.000000, 0.000000, 1.000000, 0.000000, 0, 
0.527145, 0.019124, 0, 1, 3.635725, 5.000000, 5.000000, 0.000000, 0.000000, 0.000000, 10.000000, 0.000000, 0.000000, 1.000000, 0.000000, 0, 
0.527145, 0.019124, 1, 1, 6.364275, 5.000000, -5.000000, 0.000000, 0.000000, 0.000000, 5.000000, 0.000000, 0.000000, 1.000000, 0.000000, 0, 
0.544114, 0.016969, 0, 1, 3.720570, 5.000000, 5.000000, 0.000000, 0.000000, 0.000000, 10.000000, 0.000000, 0.000000, 1.000000, 0.000000, 0, 
0.544114, 0.016969, 1, 1, 6.279429, 5.000000, -5.000000, 0.000000, 0.000000, 0.000000, 5.000000, 0.000000, 0.000000, 1.000000, 0.000000, 0, 
0.561891, 0.017777, 0, 1, 3.809455, 5.000000, 5.000000, 0.000000, 0.000000, 0.000000, 10.000000, 0.000000, 0.000000, 1.000000, 0.000000, 0, 
0.561891, 0.017777, 1, 1, 6.190545, 5.000000, -5.000000, 0.000000, 0.000000, 0.000000, 5.000000, 0.000000, 0.000000, 1.000000, 0.000000, 0, 
0.580651, 0.018760, 0, 1, 3.903255, 5.000000, 5.000000, 0.000000, 0.000000, 0.000000, 10.000000, 0.000000, 0.000000, 1.000000, 0.000000, 0, 
0.580651, 0.018760, 1, 1, 6.096745, 5.000000, -5.000000, 0.000000, 0.000000, 0.000000, 5.000000, 0.000000, 0.000000, 1.000000, 0.000000, 0, 
0.598453, 0.017802, 0, 1, 3.992265, 5.000000, 5.000000, 0.000000, 0.000000, 0.000000, 10.000000, 0.000000, 0.000000, 1.000000, 0.000000, 0, 
0.598453, 0.017802, 1, 1, 6.007734, 5.000000, -5.000000, 0.000000, 0.000000, 0.000000, 5.000000, 0.000000, 0.000000, 1.000000, 0.000000, 0, 
0.615576, 0.017123, 0, 1, 4.077880, 5.000000, 5.000000, 0.000000, 0.000000, 0.000000, 10.000000, 0.000000, 0.000000, 1.000000, 0.000000, 0, 
0.615576, 0.017123, 1, 1, 5.922119, 5.000000, -5.000000, 0.000000, 0.000000, 0.000000, 5.000000, 0.000000, 0.000000, 1.000000, 0.000000, 0, 
0.633517, 0.017941, 0, 1, 4.167585, 5.000000, 5.000000, 0.000000, 0.000000, 0.000000, 10.000000, 0.000000, 0.000000, 1.000000, 0.000000, 0, 
0.633517, 0.017941, 1, 1, 5.832414, 5.000000, -5.000000, 0.000000, 0.000000, 0.000000, 5.000000, 0.000000, 0.000000, 1.000000, 0.000000, 0, 
0.650719, 0.017202, 0, 1, 4.134120, 5.000000, -1.666667, 0.000000, 0.000000, 0.000000, 10.000000, 0.000000, 0.000000, 1.000000, 0.000000, 0, 
0.650719, 0.017202, 1, 1, 5.985354, 5.000000, 8.333333, 0.000000, 0.000000, 0.000000, 5.000000, 0.000000, 0.000000, 1.000000, 0.000000, 0, 
0.668037, 0.017318, 0, 1, 4.105257, 5.000000, -1.666667, 0.000000, 0.000000, 0.000000, 10.000000, 0.000000, 0.000000, 1.000000, 0.000000, 0, 
0.668037, 0.017318, 1, 1, 6.129671, 5.000000, 8.333333, 0.000000, 0.000000, 0.000000, 5.000000, 0.000000, 0.000000, 1.000000, 0.000000, 0, 
0.685262, 0.017225, 0, 1, 4.076549, 5.000000, -1.666667, 0.000000, 0.000000, 0.000000, 10.000000, 0.000000, 0.000000, 1.000000, 0.000000, 0, 
0.685262, 0.017225, 1, 1, 6.273213, 5.000000, 8.333333, 0.000000, 0.000000, 0.000000, 5.000000, 0.000000, 0.000000, 1.000000, 0.000000, 0, 
0.703696, 0.018434, 0, 1, 4.045825, 5.000000, -1.666667, 0.000000, 0.000000, 0.000000, 10.000000, 0.000000, 0.000000, 1.000000, 0.000000, 0, 
0.703696, 0.018434, 1, 1, 6.426829, 5.000000, 8.333333, 0.000000, 0.000000, 0.000000, 5.000000, 0.000000, 0.000000, 1.000000, 0.000000, 0, 
0.720940, 0.017244, 0, 1, 4.017086, 5.000000, -1.666667, 0.000000, 0.000000, 0.000000, 10.000000, 0.000000, 0.000000, 1.000000, 0.000000, 0, 
0.720940, 0.017244, 1, 1, 6.570529, 5.000000, 8.333333, 0.000000, 0.000000, 0.000000, 5.000000, 0.000000, 0.000000, 1.000000, 0.000000, 0, 
0.738236, 0.017296, 0, 1, 3.988259, 5.000000, -1.666667, 0.000000, 0.000000, 0.000000, 10.000000, 0.000000, 0.000000, 1.000000, 0.000000, 0, 
0.738236, 0.017296, 1, 1, 6.714663, 5.000000, 8.333333, 0.000000, 0.000000, 0.000000, 5.000000, 0.000000, 0.000000, 1.000000, 0.000000, 0, 
0.756182, 0.017946, 0, 1, 3.958349, 5.000000, -1.666667, 0.000000, 0.000000, 0.000000, 10.000000, 0.000000, 0.000000, 1.000000, 0.000000, 0, 
0.756182, 0.017946, 1, 1, 6.864213, 5.000000, 8.333333, 0.000000, 0.000000, 0.000000, 5.000000, 0.000000, 0.000000, 1.000000, 0.000000, 0, 
0.773415, 0.017233, 0, 1, 3.929627, 5.000000, -1.666667, 0.000000, 0.000000, 0.000000, 10.000000, 0.000000, 0.000000, 1.000000, 0.000000, 0, 
0.773415, 0.017233, 1, 1, 7.007821, 5.000000, 8.333333, 0.000000, 0.000000, 0.000000, 5.000000, 0.000000, 0.000000, 1.000000, 0.000000, 0, 
0.790550, 0.017135, 0, 1, 3.901069, 5.000000, -1.666667, 0.000000, 0.000000, 0.000000, 10.000000, 0.000000, 0.000000, 1.000000, 0.000000, 0, 
0.790550, 0.017135, 1, 1, 7.150612, 5.000000, 8.333333, 0.000000, 0.000000, 0.000000, 5.000000, 0.000000, 0.000000, 1.000000, 0.000000, 0, 
0.807756, 0.017206, 0, 1, 3.872392, 5.000000, -1.666667, 0.000000, 0.000000, 0.000000, 10.000000, 0.000000, 0.000000, 1.000000, 0.000000, 0, 
0.807756, 0.017206, 1, 1, 7.293996, 5.000000, 8.333333, 0.000000, 0.000000, 0.000000, 5.000000, 0.000000, 0.000000, 1.000000, 0.000000, 0, 
0.824819, 0.017063, 0, 1, 3.843954, 5.000000, -1.666667, 0.000000, 0.000000, 0.000000, 10.000000, 0.000000, 0.000000, 1.000000, 0.000000, 0, 
0.824819, 0.017063, 1, 1, 7.436188, 5.000000, 8.333333, 0.000000, 0.000000, 0.000000, 5.000000, 0.000000, 0.000000, 1.000000, 0.000000, 0, 
0.841825, 0.017006, 0, 1, 3.815610, 5.000000, -1.666667, 0.000000, 0.000000, 0.000000, 10.000000, 0.000000, 0.000000, 1.000000, 0.000000, 0, 
0.841825, 0.017006, 1, 1, 7.577904, 5.000000, 8.333333, 0.000000, 0.000000, 0.000000, 5.000000, 0.000000, 0.000000, 1.000000, 0.000000, 0, 
0.859385, 0.017560, 0, 1, 3.786344, 5.000000, -1.666667, 0.000000, 0.000000, 0.000000, 10.000000, 0.000000, 0.000000, 1.000000, 0.000000, 0, 
0.859385, 0.017560, 1, 1, 7.724237, 5.000000, 8.333333, 0.000000, 0.000000, 0.000000, 5.000000, 0.000000, 0.000000, 1.000000, 0.000000, 0, 
0.876612, 0.017227, 0, 1, 3.757632, 5.000000, -1.666667, 0.000000, 0.000000, 0.000000, 10.000000, 0.000000, 0.000000, 1.000000, 0.000000, 0, 
0.876612, 0.017227, 1, 1, 7.867796, 5.000000, 8.333333, 0.000000, 0.000000, 0.000000, 5.000000, 0.000000, 0.000000, 1.000000, 0.000000, 0, 
0.893739, 0.017127, 0, 1, 3.729087, 5.000000, -1.666667, 0.000000, 0.000000, 0.000000, 10.000000, 0.000000, 0.000000, 1.000000, 0.000000, 0, 
0.893739, 0.017127, 1, 1, 8.010521, 5.000000, 8.333333, 0.000000, 0.000000, 0.000000, 5.000000, 0.000000, 0.000000, 1.000000, 0.000000, 0, 
0.911036, 0.017297, 0, 1, 3.700259, 5.000000, -1.666667, 0.000000, 0.000000, 0.000000, 10.000000, 0.000000, 0.000000, 1.000000, 0.000000, 0, 
0.911036, 0.017297, 1, 1, 8.154662, 5.000000, 8.333333, 0.000000, 0.000000, 0.000000, 5.000000, 0.000000, 0.000000, 1.000000, 0.000000, 0, 
0.928286, 0.017250, 0, 1, 3.671509, 5.000000, -1.666667, 0.000000, 0.000000, 0.000000, 10.000000, 0.000000, 0.000000, 1.000000, 0.000000, 0, 
0.928286, 0.017250, 1, 1, 8.298412, 5.000000, 8.333333, 0.000000, 0.000000, 0.000000, 5.000000, 0.000000, 0.000000, 1.000000, 0.000000, 0, 
0.946011, 0.017725, 0, 1, 3.641967, 5.000000, -1.666667, 0.000000, 0.000000, 0.000000, 10.000000, 0.000000, 0.000000, 1.000000, 0.000000, 0, 
0.946011, 0.017725, 1, 1, 8.446120, 5.000000, 8.333333, 0.000000, 0.000000, 0.000000, 5.000000, 0.000000, 0.000000, 1.000000, 0.000000, 0, 
0.963843, 0.017832, 0, 1, 3.612247, 5.000000, -1.666667, 0.000000, 0.000000, 0.000000, 10.000000, 0.000000, 0.000000, 1.000000, 0.000000, 0, 
0.963843, 0.017832, 1, 1, 8.594720, 5.000000, 8.333333, 0.000000, 0.000000, 0.000000, 5.000000, 0.000000, 0.000000, 1.000000, 0.000000, 0, 
0.981043, 0.017200, 0, 1, 3.583580, 5.000000, -1.666667, 0.000000, 0.000000, 0.000000, 10.000000, 0.000000, 0.000000, 1.000000, 0.000000, 0, 
0.981043, 0.017200, 1, 1, 8.738053, 5.000000, 8.333333, 0.000000, 0.000000, 0.000000, 5.000000, 0.000000, 0.000000, 1.000000, 0.000000, 0, 
0.998034, 0.016991, 0, 1, 3.555262, 5.000000, -1.666667, 0.000000, 0.000000, 0.000000, 10.000000, 0.000000, 0.000000, 1.000000, 0.000000, 0, 
0.998034, 0.016991, 1, 1, 8.879645, 5.000000, 8.333333, 0.000000, 0.000000, 0.000000, 5.000000, 0.000000, 0.000000, 1.000000, 0.000000, 0, 
1.015229, 0.017195, 0, 1, 3.526604, 5.000000, -1.666667, 0.000000, 0.000000, 0.000000, 10.000000, 0.000000, 0.000000, 1.000000, 0.000000, 0, 
1.015229, 0.017195, 1, 1, 9.022937, 5.000000, 8.333333, 0.000000, 0.000000, 0.000000, 5.000000, 0.000000, 0.000000, 1.000000, 0.000000, 0, 
1.032160, 0.016931, 0, 1, 3.498385, 5.000000, -1.666667, 0.000000, 0.000000, 0.000000, 10.000000, 0.000000, 0.000000, 1.000000, 0.000000, 0, 
1.032160, 0.016931, 1, 1, 9.164028, 5.000000, 8.333333, 0.000000, 0.000000, 0.000000, 5.000000, 0.000000, 0.000000, 1.000000, 0.000000, 0, 
1.049312, 0.017152, 0, 1, 3.469799, 5.000000, -1.666667, 0.000000, 0.000000, 0.000000, 10.000000, 0.000000, 0.000000, 1.000000, 0.000000, 0, 
1.049312, 0.017152, 1, 1, 9.306961, 5.000000, 8.333333, 0.000000, 0.000000, 0.000000, 5.000000, 0.000000, 0.000000, 1.000000, 0.000000, 0, 
1.066547, 0.017235, 0, 1, 3.441074, 5.000000, -1.666667, 0.000000, 0.000000, 0.000000, 10.000000, 0.000000, 0.000000, 1.000000, 0.000000, 0, 
1.066547, 0.017235, 1, 1, 9.450586, 5.000000, 8.333333, 0.000000, 0.000000, 0.000000, 5.000000, 0.000000, 0.000000, 1.000000, 0.000000, 0, 
1.083750, 0.017203, 0, 1, 3.412402, 5.000000, -1.666667, 0.000000, 0.000000, 0.000000, 10.000000, 0.000000, 0.000000, 1.000000, 0.000000, 0, 
1.083750, 0.017203, 1, 1, 9.593945, 5.000000, 8.333333, 0.000000, 0.000000, 0.000000, 5.000000, 0.000000, 0.000000, 1.000000, 0.000000, 0, 
1.100658, 0.016908, 0, 1, 3.384222, 5.000000, -1.666667, 0.000000, 0.000000, 0.000000, 10.000000, 0.000000, 0.000000, 1.000000, 0.000000, 0, 
1.100658, 0.016908, 1, 1, 9.734844, 5.000000, 8.333333, 0.000000, 0.000000, 0.000000, 5.000000, 0.000000, 0.000000, 1.000000, 0.000000, 0, 
1.117674, 0.017016, 0, 1, 3.355862, 5.000000, -1.666667, 0.000000, 0.000000, 0.000000, 10.000000, 0.000000, 0.000000, 1.000000, 0.000000, 0, 
1.117674, 0.017016, 1, 1, 9.876644, 5.000000, 8.333333, 0.000000, 0.000000, 0.000000, 5.000000, 0.000000, 0.000000, 1.000000, 0.000000, 0, 
1.136155, 0.018481, 0, 1, 3.325061, 5.000000, -1.666667, 0.000000, 0.000000, 0.000000, 10.000000, 0.000000, 0.000000, 1.000000, 0.000000, 0, 
1.136155, 0.018481, 1, 1, 10.030652, 5.000000, 8.333333, 0.000000, 0.000000, 0.000000, 5.000000, 0.000000, 0.000000, 1.000000, 0.000000, 0, 
1.153814, 0.017659, 0, 1, 3.295629, 5.000000, -1.666667, 0.000000, 0.000000, 0.000000, 10.000000, 0.000000, 0.000000, 1.000000, 0.000000, 0, 
1.153814, 0.017659, 1, 1, 10.177811, 5.000000, 8.333333, 0.000000, 0.000000, 0.000000, 5.000000, 0.000000, 0.000000, 1.000000, 0.000000, 0, 
1.171665, 0.017851, 0, 1, 3.265877, 5.000000, -1.666667, 0.000000, 0.000000, 0.000000, 10.000000, 0.000000, 0.000000, 1.000000, 0.000000, 0, 
1.171665, 0.017851, 1, 1, 10.326569, 5.000000, 8.333333, 0.000000, 0.000000, 0.000000, 5.000000, 0.000000, 0.000000, 1.000000, 0.000000, 0, 
1.189425, 0.017760, 0, 1, 3.236277, 5.000000, -1.666667, 0.000000, 0.000000, 0.000000, 10.000000, 0.000000, 0.000000, 1.000000, 0.000000, 0, 
1.189425, 0.017760, 1, 1, 10.474568, 5.000000, 8.333333, 0.000000, 0.000000, 0.000000, 5.000000, 0.000000, 0.000000, 1.000000, 0.000000, 0, 
1.206824, 0.017399, 0, 1, 3.207279, 5.000000, -1.666667, 0.000000, 0.000000, 0.000000, 10.000000, 0.000000, 0.000000, 1.000000, 0.000000, 0, 
1.206824, 0.017399, 1, 1, 10.619560, 5.000000, 8.333333, 0.000000, 0.000000, 0.000000, 5.000000, 0.000000, 0.000000, 1.000000, 0.000000, 0, 
1.224358, 0.017534, 0, 1, 3.178056, 5.000000, -1.666667, 0.000000, 0.000000, 0.000000, 10.000000, 0.000000, 0.000000, 1.000000, 0.000000, 0, 
1.224358, 0.017534, 1, 1, 10.765676, 5.000000, 8.333333, 0.000000, 0.000000, 0.000000, 5.000000, 0.000000, 0.000000, 1.000000, 0.000000, 0, 
1.241693, 0.017335, 0, 1, 3.149164, 5.000000, -1.666667, 0.000000, 0.000000, 0.000000, 10.000000, 0.000000, 0.000000, 1.000000, 0.000000, 0, 
1.241693, 0.017335, 1, 1, 10.910135, 5.000000, 8.333333, 0.000000, 0.000000, 0.000000, 5.000000, 0.000000, 0.000000, 1.000000, 0.000000, 0, 
1.259169, 0.017476, 0, 1, 3.120037, 5.000000, -1.666667, 0.000000, 0.000000, 0.000000, 10.000000, 0.000000, 0.000000, 1.000000, 0.000000, 0, 
1.259169, 0.017476, 1, 1, 11.055769, 5.000000, 8.333333, 0.000000, 0.000000, 0.000000, 5.000000, 0.000000, 0.000000, 1.000000, 0.000000, 0, 
1.276746, 0.017577, 0, 1, 3.090742, 5.000000, -1.666667, 0.000000, 0.000000, 0.000000, 10.000000, 0.000000, 0.000000, 1.000000, 0.000000, 0, 
1.276746, 0.017577, 1, 1, 11.202244, 5.000000, 8.333333, 0.000000, 0.000000, 0.000000, 5.000000, 0.000000, 0.000000, 1.000000, 0.000000, 0, 
1.293864, 0.017118, 0, 1, 3.062212, 5.000000, -1.666667, 0.000000, 0.000000, 0.000000, 10.000000, 0.000000, 0.000000, 1.000000, 0.000000, 0, 
1.293864, 0.017118, 1, 1, 11.344893, 5.000000, 8.333333, 0.000000, 0.000000, 0.000000, 5.000000, 0.000000, 0.000000, 1.000000, 0.000000, 0, 
1.310900, 0.017036, 0, 1, 3.033819, 5.000000, -1.666667, 0.000000, 0.000000, 0.000000, 10.000000, 0.000000, 0.000000, 1.000000, 0.000000, 0, 
1.310900, 0.017036, 1, 1, 11.486860, 5.000000, 8.333333, 0.000000, 0.000000, 0.000000, 5.000000, 0.000000, 0.000000, 1.000000, 0.000000, 0, 
1.327964, 0.017064, 0, 1, 3.005379, 5.000000, -1.666667, 0.000000, 0.000000, 0.000000, 10.000000, 0.000000, 0.000000, 1.000000, 0.000000, 0, 
1.327964, 0.017064, 1, 1, 11.629061, 5.000000, 8.333333, 0.000000, 0.000000, 0.000000, 5.000000, 0.000000, 0.000000, 1.000000, 0.000000, 0, 
1.344904, 0.016940, 0, 1, 2.977146, 5.000000, -1.666667, 0.000000, 0.000000, 0.000000, 10.000000, 0.000000, 0.000000, 1.000000, 0.000000, 0, 
1.344904, 0.016940, 1, 1, 11.770227, 5.000000, 8.333333, 0.000000, 0.000000, 0.000000, 5.000000, 0.000000, 0.000000, 1.000000, 0.000000, 0, 
1.363107, 0.018203, 0, 1, 2.946808, 5.000000, -1.666667, 0.000000, 0.000000, 0.000000, 10.000000, 0.000000, 0.000000, 1.000000, 0.000000, 0, 
1.363107, 0.018203, 1, 1, 11.921919, 5.000000, 8.333333, 0.000000, 0.000000, 0.000000, 5.000000, 0.000000, 0.000000, 1.000000, 0.000000, 0, 
1.380425, 0.017318, 0, 1, 2.917944, 5.000000, -1.666667, 0.000000, 0.000000, 0.000000, 10.000000, 0.000000, 0.000000, 1.000000, 0.000000, 0, 
1.380425, 0.017318, 1, 1, 12.066236, 5.000000, 8.333333, 0.000000, 0.000000, 0.000000, 5.000000, 0.000000, 0.000000, 1.000000, 0.000000, 0, 
1.397653, 0.017228, 0, 1, 2.889231, 5.000000, -1.666667, 0.000000, 0.000000, 0.000000, 10.000000, 0.000000, 0.000000, 1.000000, 0.000000, 0, 
1.397653, 0.017228, 1, 1, 12.209803, 5.000000, 8.333333, 0.000000, 0.000000, 0.000000, 5.000000, 0.000000, 0.000000, 1.000000, 0.000000, 0, 
1.414746, 0.017093, 0, 1, 2.860743, 5.000000, -1.666667, 0.000000, 0.000000, 0.000000, 10.000000, 0.000000, 0.000000, 1.000000, 0.000000, 0, 
1.414746, 0.017093, 1, 1, 12.352244, 5.000000, 8.333333, 0.000000, 0.000000, 0.000000, 5.000000, 0.000000, 0.000000, 1.000000, 0.000000, 0, 
1.431955, 0.017209, 0, 1, 2.832061, 5.000000, -1.666667, 0.000000, 0.000000, 0.000000, 10.000000, 0.000000, 0.000000, 1.000000, 0.000000, 0, 
1.431955, 0.017209, 1, 1, 12.495653, 5.000000, 8.333333, 0.000000, 0.000000, 0.000000, 5.000000, 0.000000, 0.000000, 1.000000, 0.000000, 0, 
1.449231, 0.017276, 0, 1, 2.803267, 5.000000, -1.666667, 0.000000, 0.000000, 0.000000, 10.000000, 0.000000, 0.000000, 1.000000, 0.000000, 0, 
1.449231, 0.017276, 1, 1, 12.639620, 5.000000, 8.333333, 0.000000, 0.000000, 0.000000, 5.000000, 0.000000, 0.000000, 1.000000, 0.000000, 0, 
1.466519, 0.017288, 0, 1, 2.774454, 5.000000, -1.666667, 0.000000, 0.000000, 0.000000, 10.000000, 0.000000, 0.000000, 1.000000, 0.000000, 0, 
1.466519, 0.017288, 1, 1, 12.783687, 5.000000, 8.333333, 0.000000, 0.000000, 0.000000, 5.000000, 0.000000, 0.000000, 1.000000, 0.000000, 0, 
1.484038, 0.017519, 0, 1, 2.745256, 5.000000, -1.666667, 0.000000, 0.000000, 0.000000, 10.000000, 0.000000, 0.000000, 1.000000, 0.000000, 0, 
1.484038, 0.017519, 1, 1, 12.929678, 5.000000, 8.333333, 0.000000, 0.000000, 0.000000, 5.000000, 0.000000, 0.000000, 1.000000, 0.000000, 0, 
1.501429, 0.017391, 0, 1, 2.716271, 5.000000, -1.666667, 0.000000, 0.000000, 0.000000, 10.000000, 0.000000, 0.000000, 1.000000, 0.000000, 0, 
1.501429, 0.017391, 1, 1, 13.074603, 5.000000, 8.333333, 0.000000, 0.000000, 0.000000, 5.000000, 0.000000, 0.000000, 1.000000, 0.000000, 0, 
1.518867, 0.017438, 0, 1, 2.687207, 5.000000, -1.666667, 0.000000, 0.000000, 0.000000, 10.000000, 0.000000, 0.000000, 1.000000, 0.000000, 0, 
1.518867, 0.017438, 1, 1, 13.219920, 5.000000, 8.333333, 0.000000, 0.000000, 0.000000, 5.000000, 0.000000, 0.000000, 1.000000, 0.000000, 0, 
1.536443, 0.017576, 0, 1, 2.657914, 5.000000, -1.666667, 0.000000, 0.000000, 0.000000, 10.000000, 0.000000, 0.000000, 1.000000, 0.000000, 0, 
1.536443, 0.017576, 1, 1, 13.366386, 5.000000, 8.333333, 0.000000, 0.000000, 0.000000, 5.000000, 0.000000, 0.000000, 1.000000, 0.000000, 0, 
1.553905, 0.017462, 0, 1, 2.628811, 5.000000, -1.666667, 0.000000, 0.000000, 0.000000, 10.000000, 0.000000, 0.000000, 1.000000, 0.000000, 0, 
1.553905, 0.017462, 1, 1, 13.511903, 5.000000, 8.333333, 0.000000, 0.000000, 0.000000, 5.000000, 0.000000, 0.000000, 1.000000, 0.000000, 0, 
1.572564, 0.018659, 0, 1, 2.597713, 5.000000, -1.666667, 0.000000, 0.000000, 0.000000, 10.000000, 0.000000, 0.000000, 1.000000, 0.000000, 0, 
1.572564, 0.018659, 1, 1, 13.667395, 5.000000, 8.333333, 0.000000, 0.000000, 0.000000, 5.000000, 0.000000, 0.000000, 1.000000, 0.000000, 0, 
1.590277, 0.017713, 0, 1, 2.568191, 5.000000, -1.666667, 0.000000, 0.000000, 0.000000, 10.000000, 0.000000, 0.000000, 1.000000, 0.000000, 0, 
1.590277, 0.017713, 1, 1, 13.815003, 5.000000, 8.333333, 0.000000, 0.000000, 0.000000, 5.000000, 0.000000, 0.000000, 1.000000, 0.000000, 0, 
1.607880, 0.017603, 0, 1, 2.538852, 5.000000, -1.666667, 0.000000, 0.000000, 0.000000, 10.000000, 0.000000, 0.000000, 1.000000, 0.000000, 0, 
1.607880, 0.017603, 1, 1, 13.961695, 5.000000, 8.333333, 0.000000, 0.000000, 0.000000, 5.000000, 0.000000, 0.000000, 1.000000, 0.000000, 0, 
1.625764, 0.017884, 0, 1, 2.509046, 5.000000, -1.666667, 0.000000, 0.000000, 0.000000, 10.000000, 0.000000, 0.000000, 1.000000, 0.000000, 0, 
1.625764, 0.017884, 1, 1, 14.110728, 5.000000, 8.333333, 0.000000, 0.000000, 0.000000, 5.000000, 0.000000, 0.000000, 1.000000, 0.000000, 0, 
1.643258, 0.017494, 0, 1, 2.479889, 5.000000, -1.666667, 0.000000, 0.000000, 0.000000, 10.000000, 0.000000, 0.000000, 1.000000, 0.000000, 0, 
1.643258, 0.017494, 1, 1, 14.256512, 5.000000, 8.333333, 0.000000, 0.000000, 0.000000, 5.000000, 0.000000, 0.000000, 1.000000, 0.000000, 0, 
1.660939, 0.017681, 0, 1, 2.450421, 5.000000, -1.666667, 0.000000, 0.000000, 0.000000, 10.000000, 0.000000, 0.000000, 1.000000, 0.000000, 0, 
1.660939, 0.017681, 1, 1, 14.403853, 5.000000, 8.333333, 0.000000, 0.000000, 0.000000, 5.000000, 0.000000, 0.000000, 1.000000, 0.000000, 0, 
1.679114, 0.018175, 0, 1, 2.420129, 5.000000, -1.666667, 0.000000, 0.000000, 0.000000, 10.000000, 0.000000, 0.000000, 1.000000, 0.000000, 0, 
1.679114, 0.018175, 1, 1, 14.555312, 5.000000, 8.333333, 0.000000, 0.000000, 0.000000, 5.000000, 0.000000, 0.000000, 1.000000, 0.000000, 0, 
1.697248, 0.018134, 0, 1, 2.389906, 5.000000, -1.666667, 0.000000, 0.000000, 0.000000, 10.000000, 0.000000, 0.000000, 1.000000, 0.000000, 0, 
1.697248, 0.018134, 1, 1, 14.706429, 5.000000, 8.333333, 0.000000, 0.000000, 0.000000, 5.000000, 0.000000, 0.000000, 1.000000, 0.000000, 0, 
1.714247, 0.016999, 0, 1, 2.361574, 5.000000, -1.666667, 0.000000, 0.000000, 0.000000, 10.000000, 0.000000, 0.000000, 1.000000, 0.000000, 0, 
1.714247, 0.016999, 1, 1, 14.848087, 5.000000, 8.333333, 0.000000, 0.000000, 0.000000, 5.000000, 0.000000, 0.000000, 1.000000, 0.000000, 0, 
1.731887, 0.017640, 0, 1, 2.332174, 5.000000, -1.666667, 0.000000, 0.000000, 0.000000, 10.000000, 0.000000, 0.000000, 1.000000, 0.000000, 0, 
1.731887, 0.017640, 1, 1, 14.995088, 5.000000, 8.333333, 0.000000, 0.000000, 0.000000, 5.000000, 0.000000, 0.000000, 1.000000, 0.000000, 0, 
1.749370, 0.017483, 0, 1, 2.303036, 5.000000, -1.666667, 0.000000, 0.000000, 0.000000, 10.000000, 0.000000, 0.000000, 1.000000, 0.000000, 0, 
1.749370, 0.017483, 1, 1, 15.140779, 5.000000, 8.333333, 0.000000, 0.000000, 0.000000, 5.000000, 0.000000, 0.000000, 1.000000, 0.000000, 0, 
1.766709, 0.017339, 0, 1, 2.274137, 5.000000, -1.666667, 0.000000, 0.000000, 0.000000, 10.000000, 0.000000, 0.000000, 1.000000, 0.000000, 0, 
1.766709, 0.017339, 1, 1, 15.285271, 5.000000, 8.333333, 0.000000, 0.000000, 0.000000, 5.000000, 0.000000, 0.000000, 1.000000, 0.000000, 0, 
1.784424, 0.017715, 0, 1, 2.244612, 5.000000, -1.666667, 0.000000, 0.000000, 0.000000, 10.000000, 0.000000, 0.000000, 1.000000, 0.000000, 0, 
1.784424, 0.017715, 1, 1, 15.432896, 5.000000, 8.333333, 0.000000, 0.000000, 0.000000, 5.000000, 0.000000, 0.000000, 1.000000, 0.000000, 0, 
1.802081, 0.017657, 0, 1, 2.215184, 5.000000, -1.666667, 0.000000, 0.000000, 0.000000, 10.000000, 0.000000, 0.000000, 1.000000, 0.000000, 0, 
1.802081, 0.017657, 1, 1, 15.580037, 5.000000, 8.333333, 0.000000, 0.000000, 0.000000, 5.000000, 0.000000, 0.000000, 1.000000, 0.000000, 0, 
1.819479, 0.017398, 0, 1, 2.186188, 5.000000, -1.666667, 0.000000, 0.000000, 0.000000, 10.000000, 0.000000, 0.000000, 1.000000, 0.000000, 0, 
1.819479, 0.017398, 1, 1, 15.725020, 5.000000, 8.333333, 0.000000, 0.000000, 0.000000, 5.000000, 0.000000, 0.000000, 1.000000, 0.000000, 0, 
1.837006, 0.017527, 0, 1, 2.156976, 5.000000, -1.666667, 0.000000, 0.000000, 0.000000, 10.000000, 0.000000, 0.000000, 1.000000, 0.000000, 0, 
1.837006, 0.017527, 1, 1, 15.871078, 5.000000, 8.333333, 0.000000, 0.000000, 0.000000, 5.000000, 0.000000, 0.000000, 1.000000, 0.000000, 0, 
1.854365, 0.017359, 0, 1, 2.128044, 5.000000, -1.666667, 0.000000, 0.000000, 0.000000, 10.000000, 0.000000, 0.000000, 1.000000, 0.000000, 0, 
1.854365, 0.017359, 1, 1, 16.015738, 5.000000, 8.333333, 0.000000, 0.000000, 0.000000, 5.000000, 0.000000, 0.000000, 1.000000, 0.000000, 0, 
1.871781, 0.017416, 0, 1, 2.099017, 5.000000, -1.666667, 0.000000, 0.000000, 0.000000, 10.000000, 0.000000, 0.000000, 1.000000, 0.000000, 0, 
1.871781, 0.017416, 1, 1, 16.160872, 5.000000, 8.333333, 0.000000, 0.000000, 0.000000, 5.000000, 0.000000, 0.000000, 1.000000, 0.000000, 0, 
1.888744, 0.016963, 0, 1, 2.070746, 5.000000, -1.666667, 0.000000, 0.000000, 0.000000, 10.000000, 0.000000, 0.000000, 1.000000, 0.000000, 0, 
1.888744, 0.016963, 1, 1, 16.302229, 5.000000, 8.333333, 0.000000, 0.000000, 0.000000, 5.000000, 0.000000, 0.000000, 1.000000, 0.000000, 0, 
1.906721, 0.017977, 0, 1, 2.040784, 5.000000, -1.666667, 0.000000, 0.000000, 0.000000, 10.000000, 0.000000, 0.000000, 1.000000, 0.000000, 0, 
1.906721, 0.017977, 1, 1, 16.452038, 5.000000, 8.333333, 0.000000, 0.000000, 0.000000, 5.000000, 0.000000, 0.000000, 1.000000, 0.000000, 0, 
1.925844, 0.019123, 0, 1, 2.008913, 5.000000, -1.666667, 0.000000, 0.000000, 0.000000, 10.000000, 0.000000, 0.000000, 1.000000, 0.000000, 0, 
1.925844, 0.019123, 1, 1, 16.611397, 5.000000, 8.333333, 0.000000, 0.000000, 0.000000, 5.000000, 0.000000, 0.000000, 1.000000, 0.000000, 0, 
1.943794, 0.017950, 0, 1, 1.978996, 5.000000, -1.666667, 0.000000, 0.000000, 0.000000, 10.000000, 0.000000, 0.000000, 1.000000, 0.000000, 0, 
1.943794, 0.017950, 1, 1, 16.760981, 5.000000, 8.333333, 0.000000, 0.000000, 0.000000, 5.000000, 0.000000, 0.000000, 1.000000, 0.000000, 0, 
1.961861, 0.018067, 0, 1, 1.948884, 5.000000, -1.666667, 0.000000, 0.000000, 0.000000, 10.000000, 0.000000, 0.000000, 1.000000, 0.000000, 0, 
1.961861, 0.018067, 1, 1, 16.911539, 5.000000, 8.333333, 0.000000, 0.000000, 0.000000, 5.000000, 0.000000, 0.000000, 1.000000, 0.000000, 0, 
1.980227, 0.018366, 0, 1, 1.918274, 5.000000, -1.666667, 0.000000, 0.000000, 0.000000, 10.000000, 0.000000, 0.000000, 1.000000, 0.000000, 0, 
1.980227, 0.018366, 1, 1, 17.064589, 5.000000, 8.333333, 0.000000, 0.000000, 0.000000, 5.000000, 0.000000, 0.000000, 1.000000, 0.000000, 0, 
1.996964, 0.016737, 0, 1, 1.890379, 5.000000, -1.666667, 0.000000, 0.000000, 0.000000, 10.000000, 0.000000, 0.000000, 1.000000, 0.000000, 0, 
1.996964, 0.016737, 1, 1, 17.204063, 5.000000, 8.333333, 0.000000, 0.000000, 0.000000, 5.000000, 0.000000, 0.000000, 1.000000, 0.000000, 0, 
2.014895, 0.017931, 0, 1, 1.860494, 5.000000, -1.666667, 0.000000, 0.000000, 0.000000, 10.000000, 0.000000, 0.000000, 1.000000, 0.000000, 0, 
2.014895, 0.017931, 1, 1, 17.353489, 5.000000, 8.333333, 0.000000, 0.000000, 0.000000, 5.000000, 0.000000, 0.000000, 1.000000, 0.000000, 0, 
2.032357, 0.017462, 0, 1, 1.831391, 5.000000, -1.666667, 0.000000, 0.000000, 0.000000, 10.000000, 0.000000, 0.000000, 1.000000, 0.000000, 0, 
2.032357, 0.017462, 1, 1, 17.499006, 5.000000, 8.333333, 0.000000, 0.000000, 0.000000, 5.000000, 0.000000, 0.000000, 1.000000, 0.000000, 0, 
2.049676, 0.017319, 0, 1, 1.802526, 5.000000, -1.666667, 0.000000, 0.000000, 0.000000, 10.000000, 0.000000, 0.000000, 1.000000, 0.000000, 0, 
2.049676, 0.017319, 1, 1, 17.643332, 5.000000, 8.333333, 0.000000, 0.000000, 0.000000, 5.000000, 0.000000, 0.000000, 1.000000, 0.000000, 0, 
2.066936, 0.017260, 0, 1, 1.773759, 5.000000, -1.666667, 0.000000, 0.000000, 0.000000, 10.000000, 0.000000, 0.000000, 1.000000, 0.000000, 0, 
2.066936, 0.017260, 1, 1, 17.787165, 5.000000, 8.333333, 0.000000, 0.000000, 0.000000, 5.000000, 0.000000, 0.000000, 1.000000, 0.000000, 0, 
2.084359, 0.017423, 0, 1, 1.744721, 5.000000, -1.666667, 0.000000, 0.000000, 0.000000, 10.000000, 0.000000, 0.000000, 1.000000, 0.000000, 0, 
2.084359, 0.017423, 1, 1, 17.932356, 5.000000, 8.333333, 0.000000, 0.000000, 0.000000, 5.000000, 0.000000, 0.000000, 1.000000, 0.000000, 0, 
2.101459, 0.017100, 0, 1, 1.716221, 5.000000, -1.666667, 0.000000, 0.000000, 0.000000, 10.000000, 0.000000, 0.000000, 1.000000, 0.000000, 0, 
2.101459, 0.017100, 1, 1, 18.074856, 5.000000, 8.333333, 0.000000, 0.000000, 0.000000, 5.000000, 0.000000, 0.000000, 1.000000, 0.000000, 0, 
2.118607, 0.017148, 0, 1, 1.687641, 5.000000, -1.666667, 0.000000, 0.000000, 0.000000, 10.000000, 0.000000, 0.000000, 1.000000, 0.000000, 0, 
2.118607, 0.017148, 1, 1, 18.217756, 5.000000, 8.333333, 0.000000, 0.000000, 0.000000, 5.000000, 0.000000, 0.000000, 1.000000, 0.000000, 0, 
2.135926, 0.017319, 0, 1, 1.658776, 5.000000, -1.666667, 0.000000, 0.000000, 0.000000, 10.000000, 0.000000, 0.000000, 1.000000, 0.000000, 0, 
2.135926, 0.017319, 1, 1, 18.362082, 5.000000, 8.333333, 0.000000, 0.000000, 0.000000, 5.000000, 0.000000, 0.000000, 1.000000, 0.000000, 0, 
2.153518, 0.017592, 0, 1, 1.629456, 5.000000, -1.666667, 0.000000, 0.000000, 0.000000, 10.000000, 0.000000, 0.000000, 1.000000, 0.000000, 0, 
2.153518, 0.017592, 1, 1, 18.508682, 5.000000, 8.333333, 0.000000, 0.000000, 0.000000, 5.000000, 0.000000, 0.000000, 1.000000, 0.000000, 0, 
2.170498, 0.016980, 0, 1, 1.601156, 5.000000, -1.666667, 0.000000, 0.000000, 0.000000, 10.000000, 0.000000, 0.000000, 1.000000, 0.000000, 0, 
2.170498, 0.016980, 1, 1, 18.650183, 5.000000, 8.333333, 0.000000, 0.000000, 0.000000, 5.000000, 0.000000, 0.000000, 1.000000, 0.000000, 0, 
2.187837, 0.017339, 0, 1, 1.572258, 5.000000, -1.666667, 0.000000, 0.000000, 0.000000, 10.000000, 0.000000, 0.000000, 1.000000, 0.000000, 0, 
2.187837, 0.017339, 1, 1, 18.794674, 5.000000, 8.333333, 0.000000, 0.000000, 0.000000, 5.000000, 0.000000, 0.000000, 1.000000, 0.000000, 0, 
2.205708, 0.017871, 0, 1, 1.542473, 5.000000, -1.666667, 0.000000, 0.000000, 0.000000, 10.000000, 0.000000, 0.000000, 1.000000, 0.000000, 0, 
2.205708, 0.017871, 1, 1, 18.943600, 5.000000, 8.333333, 0.000000, 0.000000, 0.000000, 5.000000, 0.000000, 0.000000, 1.000000, 0.000000, 0, 
2.223200, 0.017492, 0, 1, 1.513319, 5.000000, -1.666667, 0.000000, 0.000000, 0.000000, 10.000000, 0.000000, 0.000000, 1.000000, 0.000000, 0, 
2.223200, 0.017492, 1, 1, 19.089367, 5.000000, 8.333333, 0.000000, 0.000000, 0.000000, 5.000000, 0.000000, 0.000000, 1.000000, 0.000000, 0, 
2.240265, 0.017065, 0, 1, 1.484878, 5.000000, -1.666667, 0.000000, 0.000000, 0.000000, 10.000000, 0.000000, 0.000000, 1.000000, 0.000000, 0, 
2.240265, 0.017065, 1, 1, 19.231575, 5.000000, 8.333333, 0.000000, 0.000000, 0.000000, 5.000000, 0.000000, 0.000000, 1.000000, 0.000000, 0, 
2.280493, 0.040228, 0, 1, 1.417831, 5.000000, -1.666667, 0.000000, 0.000000, 0.000000, 10.000000, 0.000000, 0.000000, 1.000000, 0.000000, 0, 
2.280493, 0.040228, 1, 1, 19.566809, 5.000000, 8.333333, 0.000000, 0.000000, 0.000000, 5.000000, 0.000000, 0.000000, 1.000000, 0.000000, 0, 
2.298583, 0.018090, 0, 1, 1.387681, 5.000000, -1.666667, 0.000000, 0.000000, 0.000000, 10.000000, 0.000000, 0.000000, 1.000000, 0.000000, 0, 
2.298583, 0.018090, 1, 1, 19.717558, 5.000000, 8.333333, 0.000000, 0.000000, 0.000000, 5.000000, 0.000000, 0.000000, 1.000000, 0.000000, 0, 
2.315737, 0.017154, 0, 1, 1.359091, 5.000000, -1.666667, 0.000000, 0.000000, 0.000000, 10.000000, 0.000000, 0.000000, 1.000000, 0.000000, 0, 
2.315737, 0.017154, 1, 1, 19.860508, 5.000000, 8.333333, 0.000000, 0.000000, 0.000000, 5.000000, 0.000000, 0.000000, 1.000000, 0.000000, 0, 
2.333488, 0.017751, 0, 1, 1.329506, 5.000000, -1.666667, 0.000000, 0.000000, 0.000000, 10.000000, 0.000000, 0.000000, 1.000000, 0.000000, 0, 
2.333488, 0.017751, 1, 1, 20.008432, 5.000000, 8.333333, 0.000000, 0.000000, 0.000000, 5.000000, 0.000000, 0.000000, 1.000000, 0.000000, 0, 
2.351048, 0.017560, 0, 1, 1.300239, 5.000000, -1.666667, 0.000000, 0.000000, 0.000000, 10.000000, 0.000000, 0.000000, 1.000000, 0.000000, 0, 
2.351048, 0.017560, 1, 1, 20.154766, 5.000000, 8.333333, 0.000000, 0.000000, 0.000000, 5.000000, 0.000000, 0.000000, 1.000000, 0.000000, 0, 
2.368772, 0.017724, 0, 1, 1.270699, 5.000000, -1.666667, 0.000000, 0.000000, 0.000000, 10.000000, 0.000000, 0.000000, 1.000000, 0.000000, 0, 
2.368772, 0.017724, 1, 1, 20.302465, 5.000000, 8.333333, 0.000000, 0.000000, 0.000000, 5.000000, 0.000000, 0.000000, 1.000000, 0.000000, 0, 
2.386428, 0.017656, 0, 1, 1.241273, 5.000000, -1.666667, 0.000000, 0.000000, 0.000000, 10.000000, 0.000000, 0.000000, 1.000000, 0.000000, 0, 
2.386428, 0.017656, 1, 1, 20.449598, 5.000000, 8.333333, 0.000000, 0.000000, 0.000000, 5.000000, 0.000000, 0.000000, 1.000000, 0.000000, 0, 
2.404950, 0.018522, 0, 1, 1.210403, 5.000000, -1.666667, 0.000000, 0.000000, 0.000000, 10.000000, 0.000000, 0.000000, 1.000000, 0.000000, 0, 
2.404950, 0.018522, 1, 1, 20.603949, 5.000000, 8.333333, 0.000000, 0.000000, 0.000000, 5.000000, 0.000000, 0.000000, 1.000000, 0.000000, 0, 
2.422172, 0.017222, 0, 1, 1.181699, 5.000000, -1.666667, 0.000000, 0.000000, 0.000000, 10.000000, 0.000000, 0.000000, 1.000000, 0.000000, 0, 
2.422172, 0.017222, 1, 1, 20.747465, 5.000000, 8.333333, 0.000000, 0.000000, 0.000000, 5.000000, 0.000000, 0.000000, 1.000000, 0.000000, 0, 
2.439671, 0.017499, 0, 1, 1.152534, 5.000000, -1.666667, 0.000000, 0.000000, 0.000000, 10.000000, 0.000000, 0.000000, 1.000000, 0.000000, 0, 
2.439671, 0.017499, 1, 1, 20.893290, 5.000000, 8.333333, 0.000000, 0.000000, 0.000000, 5.000000, 0.000000, 0.000000, 1.000000, 0.000000, 0, 
2.456877, 0.017206, 0, 1, 1.123858, 5.000000, -1.666667, 0.000000, 0.000000, 0.000000, 10.000000, 0.000000, 0.000000, 1.000000, 0.000000, 0, 
2.456877, 0.017206, 1, 1, 21.036673, 5.000000, 8.333333, 0.000000, 0.000000, 0.000000, 5.000000, 0.000000, 0.000000, 1.000000, 0.000000, 0, 
2.473950, 0.017073, 0, 1, 1.095403, 5.000000, -1.666667, 0.000000, 0.000000, 0.000000, 10.000000, 0.000000, 0.000000, 1.000000, 0.000000, 0, 
2.473950, 0.017073, 1, 1, 21.178947, 5.000000, 8.333333, 0.000000, 0.000000, 0.000000, 5.000000, 0.000000, 0.000000, 1.000000, 0.000000, 0, 
2.490855, 0.016905, 0, 1, 1.067228, 5.000000, -1.666667, 0.000000, 0.000000, 0.000000, 10.000000, 0.000000, 0.000000, 1.000000, 0.000000, 0, 
2.490855, 0.016905, 1, 1, 21.319822, 5.000000, 8.333333, 0.000000, 0.000000, 0.000000, 5.000000, 0.000000, 0.000000, 1.000000, 0.000000, 0, 
2.508133, 0.017278, 0, 1, 1.038431, 5.000000, -1.666667, 0.000000, 0.000000, 0.000000, 10.000000, 0.000000, 0.000000, 1.000000, 0.000000, 0, 
2.508133, 0.017278, 1, 1, 21.463806, 5.000000, 8.333333, 0.000000, 0.000000, 0.000000, 5.000000, 0.000000, 0.000000, 1.000000, 0.000000, 0, 
2.525117, 0.016984, 0, 1, 1.010124, 5.000000, -1.666667, 0.000000, 0.000000, 0.000000, 10.000000, 0.000000, 0.000000, 1.000000, 0.000000, 0, 
2.525117, 0.016984, 1, 1, 21.605339, 5.000000, 8.333333, 0.000000, 0.000000, 0.000000, 5.000000, 0.000000, 0.000000, 1.000000, 0.000000, 0, 
2.542295, 0.017178, 0, 1, 0.981494, 5.000000, -1.666667, 0.000000, 0.000000, 0.000000, 10.000000, 0.000000, 0.000000, 1.000000, 0.000000, 0, 
2.542295, 0.017178, 1, 1, 21.748489, 5.000000, 8.333333, 0.000000, 0.000000, 0.000000, 5.000000, 0.000000, 0.000000, 1.000000, 0.000000, 0, 
2.559339, 0.017044, 0, 1, 0.953088, 5.000000, -1.666667, 0.000000, 0.000000, 0.000000, 10.000000, 0.000000, 0.000000, 1.000000, 0.000000, 0, 
2.559339, 0.017044, 1, 1, 21.890522, 5.000000, 8.333333, 0.000000, 0.000000, 0.000000, 5.000000, 0.000000, 0.000000, 1.000000, 0.000000, 0, 
2.576715, 0.017376, 0, 1, 0.924128, 5.000000, -1.666667, 0.000000, 0.000000, 0.000000, 10.000000, 0.000000, 0.000000, 1.000000, 0.000000, 0, 
2.576715, 0.017376, 1, 1, 22.035322, 5.000000, 8.333333, 0.000000, 0.000000, 0.000000, 5.000000, 0.000000, 0.000000, 1.000000, 0.000000, 0, 
2.593765, 0.017050, 0, 1, 0.895711, 5.000000, -1.666667, 0.000000, 0.000000, 0.000000, 10.000000, 0.000000, 0.000000, 1.000000, 0.000000, 0, 
2.593765, 0.017050, 1, 1, 22.177406, 5.000000, 8.333333, 0.000000, 0.000000, 0.000000, 5.000000, 0.000000, 0.000000, 1.000000, 0.000000, 0, 
2.612309, 0.018544, 0, 1, 0.864804, 5.000000, -1.666667, 0.000000, 0.000000, 0.000000, 10.000000, 0.000000, 0.000000, 1.000000, 0.000000, 0, 
2.612309, 0.018544, 1, 1, 22.331940, 5.000000, 8.333333, 0.000000, 0.000000, 0.000000, 5.000000, 0.000000, 0.000000, 1.000000, 0.000000, 0, 
2.629634, 0.017325, 0, 1, 0.835929, 5.000000, -1.666667, 0.000000, 0.000000, 0.000000, 10.000000, 0.000000, 0.000000, 1.000000, 0.000000, 0, 
2.629634, 0.017325, 1, 1, 22.476315, 5.000000, 8.333333, 0.000000, 0.000000, 0.000000, 5.000000, 0.000000, 0.000000, 1.000000, 0.000000, 0, 
2.646608, 0.016974, 0, 1, 0.807639, 5.000000, -1.666667, 0.000000, 0.000000, 0.000000, 10.000000, 0.000000, 0.000000, 1.000000, 0.000000, 0, 
2.646608, 0.016974, 1, 1, 22.617765, 5.000000, 8.333333, 0.000000, 0.000000, 0.000000, 5.000000, 0.000000, 0.000000, 1.000000, 0.000000, 0, 
2.663672, 0.017064, 0, 1, 0.779199, 5.000000, -1.666667, 0.000000, 0.000000, 0.000000, 10.000000, 0.000000, 0.000000, 1.000000, 0.000000, 0, 
2.663672, 0.017064, 1, 1, 22.759966, 5.000000, 8.333333, 0.000000, 0.000000, 0.000000, 5.000000, 0.000000, 0.000000, 1.000000, 0.000000, 0, 
2.680988, 0.017316, 0, 1, 0.750339, 5.000000, -1.666667, 0.000000, 0.000000, 0.000000, 10.000000, 0.000000, 0.000000, 1.000000, 0.000000, 0, 
2.680988, 0.017316, 1, 1, 22.904266, 5.000000, 8.333333, 0.000000, 0.000000, 0.000000, 5.000000, 0.000000, 0.000000, 1.000000, 0.000000, 0, 
2.698235, 0.017247, 0, 1, 0.721594, 5.000000, -1.666667, 0.000000, 0.000000, 0.000000, 10.000000, 0.000000, 0.000000, 1.000000, 0.000000, 0, 
2.698235, 0.017247, 1, 1, 23.047991, 5.000000, 8.333333, 0.000000, 0.000000, 0.000000, 5.000000, 0.000000, 0.000000, 1.000000, 0.000000, 0, 
2.715596, 0.017361, 0, 1, 0.692659, 5.000000, -1.666667, 0.000000, 0.000000, 0.000000, 10.000000, 0.000000, 0.000000, 1.000000, 0.000000, 0, 
2.715596, 0.017361, 1, 1, 23.192665, 5.000000, 8.333333, 0.000000, 0.000000, 0.000000, 5.000000, 0.000000, 0.000000, 1.000000, 0.000000, 0, 
2.732565, 0.016969, 0, 1, 0.664378, 5.000000, -1.666667, 0.000000, 0.000000, 0.000000, 10.000000, 0.000000, 0.000000, 1.000000, 0.000000, 0, 
2.732565, 0.016969, 1, 1, 23.334074, 5.000000, 8.333333, 0.000000, 0.000000, 0.000000, 5.000000, 0.000000, 0.000000, 1.000000, 0.000000, 0, 
2.749889, 0.017324, 0, 1, 0.635504, 5.000000, -1.666667, 0.000000, 0.000000, 0.000000, 10.000000, 0.000000, 0.000000, 1.000000, 0.000000, 0, 
2.749889, 0.017324, 1, 1, 23.478441, 5.000000, 8.333333, 0.000000, 0.000000, 0.000000, 5.000000, 0.000000, 0.000000, 1.000000, 0.000000, 0, 
2.766996, 0.017107, 0, 1, 0.606993, 5.000000, -1.666667, 0.000000, 0.000000, 0.000000, 10.000000, 0.000000, 0.000000, 1.000000, 0.000000, 0, 
2.766996, 0.017107, 1, 1, 23.621000, 5.000000, 8.333333, 0.000000, 0.000000, 0.000000, 5.000000, 0.000000, 0.000000, 1.000000, 0.000000, 0, 
2.784145, 0.017149, 0, 1, 0.578411, 5.000000, -1.666667, 0.000000, 0.000000, 0.000000, 10.000000, 0.000000, 0.000000, 1.000000, 0.000000, 0, 
2.784145, 0.017149, 1, 1, 23.763908, 5.000000, 8.333333, 0.000000, 0.000000, 0.000000, 5.000000, 0.000000, 0.000000, 1.000000, 0.000000, 0, 
2.801118, 0.016973, 0, 1, 0.550123, 5.000000, -1.666667, 0.000000, 0.000000, 0.000000, 10.000000, 0.000000, 0.000000, 1.000000, 0.000000, 0, 
2.801118, 0.016973, 1, 1, 23.905350, 5.000000, 8.333333, 0.000000, 0.000000, 0.000000, 5.000000, 0.000000, 0.000000, 1.000000, 0.000000, 0, 
2.818406, 0.017288, 0, 1, 0.521309, 5.000000, -1.666667, 0.000000, 0.000000, 0.000000, 10.000000, 0.000000, 0.000000, 1.000000, 0.000000, 0, 
2.818406, 0.017288, 1, 1, 24.049416, 5.000000, 8.333333, 0.000000, 0.000000, 0.000000, 5.000000, 0.000000, 0.000000, 1.000000, 0.000000, 0, 
2.835602, 0.017196, 0, 1, 0.492649, 5.000000, -1.666667, 0.000000, 0.000000, 0.000000, 10.000000, 0.000000, 0.000000, 1.000000, 0.000000, 0, 
2.835602, 0.017196, 1, 1, 24.192715, 5.000000, 8.333333, 0.000000, 0.000000, 0.000000, 5.000000, 0.000000, 0.000000, 1.000000, 0.000000, 0, 
2.852706, 0.017104, 0, 1, 0.464143, 5.000000, -1.666667, 0.000000, 0.000000, 0.000000, 10.000000, 0.000000, 0.000000, 1.000000, 0.000000, 0, 
2.852706, 0.017104, 1, 1, 24.335249, 5.000000, 8.333333, 0.000000, 0.000000, 0.000000, 5.000000, 0.000000, 0.000000, 1.000000, 0.000000, 0, 
2.869836, 0.017130, 0, 1, 0.435593, 5.000000, -1.666667, 0.000000, 0.000000, 0.000000, 10.000000, 0.000000, 0.000000, 1.000000, 0.000000, 0, 
2.869836, 0.017130, 1, 1, 24.477999, 5.000000, 8.333333, 0.000000, 0.000000, 0.000000, 5.000000, 0.000000, 0.000000, 1.000000, 0.000000, 0, 
2.886911, 0.017075, 0, 1, 0.407134, 5.000000, -1.666667, 0.000000, 0.000000, 0.000000, 10.000000, 0.000000, 0.000000, 1.000000, 0.000000, 0, 
2.886911, 0.017075, 1, 1, 24.620291, 5.000000, 8.333333, 0.000000, 0.000000, 0.000000, 5.000000, 0.000000, 0.000000, 1.000000, 0.000000, 0, 
2.905578, 0.018667, 0, 1, 0.376023, 5.000000, -1.666667, 0.000000, 0.000000, 0.000000, 10.000000, 0.000000, 0.000000, 1.000000, 0.000000, 0, 
2.905578, 0.018667, 1, 1, 24.775848, 5.000000, 8.333333, 0.000000, 0.000000, 0.000000, 5.000000, 0.000000, 0.000000, 1.000000, 0.000000, 0, 
2.923991, 0.018413, 0, 1, 0.345334, 5.000000, -1.666667, 0.000000, 0.000000, 0.000000, 10.000000, 0.000000, 0.000000, 1.000000, 0.000000, 0, 
2.923991, 0.018413, 1, 1, 24.929291, 5.000000, 8.333333, 0.000000, 0.000000, 0.000000, 5.000000, 0.000000, 0.000000, 1.000000, 0.000000, 0, 
2.942825, 0.018834, 0, 1, 0.313944, 5.000000, -1.666667, 0.000000, 0.000000, 0.000000, 10.000000, 0.000000, 0.000000, 1.000000, 0.000000, 0, 
2.942825, 0.018834, 1, 1, 25.086241, 5.000000, 8.333333, 0.000000, 0.000000, 0.000000, 5.000000, 0.000000, 0.000000, 1.000000, 0.000000, 0, 
2.961621, 0.018796, 0, 1, 0.282618, 5.000000, -1.666667, 0.000000, 0.000000, 0.000000, 10.000000, 0.000000, 0.000000, 1.000000, 0.000000, 0, 
2.961621, 0.018796, 1, 1, 25.242874, 5.000000, 8.333333, 0.000000, 0.000000, 0.000000, 5.000000, 0.000000, 0.000000, 1.000000, 0.000000, 0, 
2.979690, 0.018069, 0, 1, 0.252503, 5.000000, -1.666667, 0.000000, 0.000000, 0.000000, 10.000000, 0.000000, 0.000000, 1.000000, 0.000000, 0, 
2.979690, 0.018069, 1, 1, 25.393450, 5.000000, 8.333333, 0.000000, 0.000000, 0.000000, 5.000000, 0.000000, 0.000000, 1.000000, 0.000000, 0, 
2.997454, 0.017764, 0, 1, 0.222896, 5.000000, -1.666667, 0.000000, 0.000000, 0.000000, 10.000000, 0.000000, 0.000000, 1.000000, 0.000000, 0, 
2.997454, 0.017764, 1, 1, 25.541483, 5.000000, 8.333333, 0.000000, 0.000000, 0.000000, 5.000000, 0.000000, 0.000000, 1.000000, 0.000000, 0, 
3.015221, 0.017767, 0, 1, 0.193284, 5.000000, -1.666667, 0.000000, 0.000000, 0.000000, 10.000000, 0.000000, 0.000000, 1.000000, 0.000000, 0, 
3.015221, 0.017767, 1, 1, 25.689541, 5.000000, 8.333333, 0.000000, 0.000000, 0.000000, 5.000000, 0.000000, 0.000000, 1.000000, 0.000000, 0, 
3.033815, 0.018594, 0, 1, 0.162294, 5.000000, -1.666667, 0.000000, 0.000000, 0.000000, 10.000000, 0.000000, 0.000000, 1.000000, 0.000000, 0, 
3.033815, 0.018594, 1, 1, 25.844490, 5.000000, 8.333333, 0.000000, 0.000000, 0.000000, 5.000000, 0.000000, 0.000000, 1.000000, 0.000000, 0, 
3.051353, 0.017538, 0, 1, 0.133064, 5.000000, -1.666667, 0.000000, 0.000000, 0.000000, 10.000000, 0.000000, 0.000000, 1.000000, 0.000000, 0, 
3.051353, 0.017538, 1, 1, 25.990641, 5.000000, 8.333333, 0.000000, 0.000000, 0.000000, 5.000000, 0.000000, 0.000000, 1.000000, 0.000000, 0, 
3.069102, 0.017749, 0, 1, 0.103483, 5.000000, -1.666667, 0.000000, 0.000000, 0.000000, 10.000000, 0.000000, 0.000000, 1.000000, 0.000000, 0, 
3.069102, 0.017749, 1, 1, 26.138550, 5.000000, 8.333333, 0.000000, 0.000000, 0.000000, 5.000000, 0.000000, 0.000000, 1.000000, 0.000000, 0, 
3.086543, 0.017441, 0, 1, 0.074414, 5.000000, -1.666667, 0.000000, 0.000000, 0.000000, 10.000000, 0.000000, 0.000000, 1.000000, 0.000000, 0, 
3.086543, 0.017441, 1, 1, 26.283892, 5.000000, 8.333333, 0.000000, 0.000000, 0.000000, 5.000000, 0.000000, 0.000000, 1.000000, 0.000000, 0, 
3.104051, 0.017508, 0, 1, 0.045234, 5.000000, -1.666667, 0.000000, 0.000000, 0.000000, 10.000000, 0.000000, 0.000000, 1.000000, 0.000000, 0, 
3.104051, 0.017508, 1, 1, 26.429792, 5.000000, 8.333333, 0.000000, 0.000000, 0.000000, 5.000000, 0.000000, 0.000000, 1.000000, 0.000000, 0, 
3.121505, 0.017454, 0, 1, 0.016144, 5.000000, -1.666667, 0.000000, 0.000000, 0.000000, 10.000000, 0.000000, 0.000000, 1.000000, 0.000000, 0, 
3.121505, 0.017454, 1, 1, 26.575243, 5.000000, 8.333333, 0.000000, 0.000000, 0.000000, 5.000000, 0.000000, 0.000000, 1.000000, 0.000000, 0, 
3.138852, 0.017347, 0, 1, -0.012767, 5.000000, -1.666667, 0.000000, 0.000000, 0.000000, 10.000000, 0.000000, 0.000000, 1.000000, 0.000000, 0, 
3.138852, 0.017347, 1, 1, 26.719801, 5.000000, 8.333333, 0.000000, 0.000000, 0.000000, 5.000000, 0.000000, 0.000000, 1.000000, 0.000000, 0, 
3.156383, 0.017531, 0, 1, -0.041986, 5.000000, -1.666667, 0.000000, 0.000000, 0.000000, 10.000000, 0.000000, 0.000000, 1.000000, 0.000000, 0, 
3.156383, 0.017531, 1, 1, 26.865892, 5.000000, 8.333333, 0.000000, 0.000000, 0.000000, 5.000000, 0.000000, 0.000000, 1.000000, 0.000000, 0, 
3.174063, 0.017680, 0, 1, -0.071452, 5.000000, -1.666667, 0.000000, 0.000000, 0.000000, 10.000000, 0.000000, 0.000000, 1.000000, 0.000000, 0, 
3.174063, 0.017680, 1, 1, 27.013226, 5.000000, 8.333333, 0.000000, 0.000000, 0.000000, 5.000000, 0.000000, 0.000000, 1.000000, 0.000000, 0, 
3.191392, 0.017329, 0, 1, -0.100334, 5.000000, -1.666667, 0.000000, 0.000000, 0.000000, 10.000000, 0.000000, 0.000000, 1.000000, 0.000000, 0, 
3.191392, 0.017329, 1, 1, 27.157635, 5.000000, 8.333333, 0.000000, 0.000000, 0.000000, 5.000000, 0.000000, 0.000000, 1.000000, 0.000000, 0, 
3.209096, 0.017704, 0, 1, -0.129841, 5.000000, -1.666667, 0.000000, 0.000000, 0.000000, 10.000000, 0.000000, 0.000000, 1.000000, 0.000000, 0, 
3.209096, 0.017704, 1, 1, 27.305168, 5.000000, 8.333333, 0.000000, 0.000000, 0.000000, 5.000000, 0.000000, 0.000000, 1.000000, 0.000000, 0, 
3.227653, 0.018557, 0, 1, -0.160769, 5.000000, -1.666667, 0.000000, 0.000000, 0.000000, 10.000000, 0.000000, 0.000000, 1.000000, 0.000000, 0, 
3.227653, 0.018557, 1, 1, 27.459810, 5.000000, 8.333333, 0.000000, 0.000000, 0.000000, 5.000000, 0.000000, 0.000000, 1.000000, 0.000000, 0, 
3.245875, 0.018222, 0, 1, -0.191139, 5.000000, -1.666667, 0.000000, 0.000000, 0.000000, 10.000000, 0.000000, 0.000000, 1.000000, 0.000000, 0, 
3.245875, 0.018222, 1, 1, 27.611660, 5.000000, 8.333333, 0.000000, 0.000000, 0.000000, 5.000000, 0.000000, 0.000000, 1.000000, 0.000000, 0, 
3.263076, 0.017201, 0, 1, -0.219807, 5.000000, -1.666667, 0.000000, 0.000000, 0.000000, 10.000000, 0.000000, 0.000000, 1.000000, 0.000000, 0, 
3.263076, 0.017201, 1, 1, 27.755001, 5.000000, 8.333333, 0.000000, 0.000000, 0.000000, 5.000000, 0.000000, 0.000000, 1.000000, 0.000000, 0, 
3.279970, 0.016894, 0, 1, -0.247964, 5.000000, -1.666667, 0.000000, 0.000000, 0.000000, 10.000000, 0.000000, 0.000000, 1.000000, 0.000000, 0, 
3.279970, 0.016894, 1, 1, 27.895784, 5.000000, 8.333333, 0.000000, 0.000000, 0.000000, 5.000000, 0.000000, 0.000000, 1.000000, 0.000000, 0, 
3.297128, 0.017158, 0, 1, -0.276561, 5.000000, -1.666667, 0.000000, 0.000000, 0.000000, 10.000000, 0.000000, 0.000000, 1.000000, 0.000000, 0, 
3.297128, 0.017158, 1, 1, 28.038767, 5.000000, 8.333333, 0.000000, 0.000000, 0.000000, 5.000000, 0.000000, 0.000000, 1.000000, 0.000000, 0, 
3.314476, 0.017348, 0, 1, -0.305474, 5.000000, -1.666667, 0.000000, 0.000000, 0.000000, 10.000000, 0.000000, 0.000000, 1.000000, 0.000000, 0, 
3.314476, 0.017348, 1, 1, 28.183334, 5.000000, 8.333333, 0.000000, 0.000000, 0.000000, 5.000000, 0.000000, 0.000000, 1.000000, 0.000000, 0, 
3.331921, 0.017445, 0, 1, -0.334549, 5.000000, -1.666667, 0.000000, 0.000000, 0.000000, 10.000000, 0.000000, 0.000000, 1.000000, 0.000000, 0, 
3.331921, 0.017445, 1, 1, 28.328709, 5.000000, 8.333333, 0.000000, 0.000000, 0.000000, 5.000000, 0.000000, 0.000000, 1.000000, 0.000000, 0, 
3.362021, 0.030100, 0, 1, -0.384716, 5.000000, -1.666667, 0.000000, 0.000000, 0.000000, 10.000000, 0.000000, 0.000000, 1.000000, 0.000000, 0, 
3.362021, 0.030100, 1, 1, 28.579542, 5.000000, 8.333333, 0.000000, 0.000000, 0.000000, 5.000000, 0.000000, 0.000000, 1.000000, 0.000000, 0, 
3.380661, 0.018640, 0, 1, -0.415782, 5.000000, -1.666667, 0.000000, 0.000000, 0.000000, 10.000000, 0.000000, 0.000000, 1.000000, 0.000000, 0, 
3.380661, 0.018640, 1, 1, 28.734875, 5.000000, 8.333333, 0.000000, 0.000000, 0.000000, 5.000000, 0.000000, 0.000000, 1.000000, 0.000000, 0, 
3.398757, 0.018095, 0, 1, -0.445941, 5.000000, -1.666667, 0.000000, 0.000000, 0.000000, 10.000000, 0.000000, 0.000000, 1.000000, 0.000000, 0, 
3.398757, 0.018095, 1, 1, 28.885666, 5.000000, 8.333333, 0.000000, 0.000000, 0.000000, 5.000000, 0.000000, 0.000000, 1.000000, 0.000000, 0, 
3.416828, 0.018072, 0, 1, -0.476061, 5.000000, -1.666667, 0.000000, 0.000000, 0.000000, 10.000000, 0.000000, 0.000000, 1.000000, 0.000000, 0, 
3.416828, 0.018072, 1, 1, 29.036266, 5.000000, 8.333333, 0.000000, 0.000000, 0.000000, 5.000000, 0.000000, 0.000000, 1.000000, 0.000000, 0, 
3.435702, 0.018874, 0, 1, -0.507517, 5.000000, -1.666667, 0.000000, 0.000000, 0.000000, 10.000000, 0.000000, 0.000000, 1.000000, 0.000000, 0, 
3.435702, 0.018874, 1, 1, 29.193550, 5.000000, 8.333333, 0.000000, 0.000000, 0.000000, 5.000000, 0.000000, 0.000000, 1.000000, 0.000000, 0, 
3.453281, 0.017579, 0, 1, -0.536816, 5.000000, -1.666667, 0.000000, 0.000000, 0.000000, 10.000000, 0.000000, 0.000000, 1.000000, 0.000000, 0, 
3.453281, 0.017579, 1, 1, 29.340042, 5.000000, 8.333333, 0.000000, 0.000000, 0.000000, 5.000000, 0.000000, 0.000000, 1.000000, 0.000000, 0, 
3.470717, 0.017436, 0, 1, -0.565876, 5.000000, -1.666667, 0.000000, 0.000000, 0.000000, 10.000000, 0.000000, 0.000000, 1.000000, 0.000000, 0, 
3.470717, 0.017436, 1, 1, 29.485342, 5.000000, 8.333333, 0.000000, 0.000000, 0.000000, 5.000000, 0.000000, 0.000000, 1.000000, 0.000000, 0, 
3.488178, 0.017461, 0, 1, -0.594977, 5.000000, -1.666667, 0.000000, 0.000000, 0.000000, 10.000000, 0.000000, 0.000000, 1.000000, 0.000000, 0, 
3.488178, 0.017461, 1, 1, 29.630850, 5.000000, 8.333333, 0.000000, 0.000000, 0.000000, 5.000000, 0.000000, 0.000000, 1.000000, 0.000000, 0, 
3.504905, 0.016726, 0, 1, -0.622854, 5.000000, -1.666667, 0.000000, 0.000000, 0.000000, 10.000000, 0.000000, 0.000000, 1.000000, 0.000000, 0, 
3.504905, 0.016726, 1, 1, 29.770233, 5.000000, 8.333333, 0.000000, 0.000000, 0.000000, 5.000000, 0.000000, 0.000000, 1.000000, 0.000000, 0, 
3.522522, 0.017618, 0, 1, -0.652217, 5.000000, -1.666667, 0.000000, 0.000000, 0.000000, 10.000000, 0.000000, 0.000000, 1.000000, 0.000000, 0, 
3.522522, 0.017618, 1, 1, 29.917049, 5.000000, 8.333333, 0.000000, 0.000000, 0.000000, 5.000000, 0.000000, 0.000000, 1.000000, 0.000000, 0, 
3.540002, 0.017480, 0, 1, -0.681351, 5.000000, -1.666667, 0.000000, 0.000000, 0.000000, 10.000000, 0.000000, 0.000000, 1.000000, 0.000000, 0, 
3.540002, 0.017480, 1, 1, 30.062716, 5.000000, 8.333333, 0.000000, 0.000000, 0.000000, 5.000000, 0.000000, 0.000000, 1.000000, 0.000000, 0, 
3.557855, 0.017853, 0, 1, -0.711106, 5.000000, -1.666667, 0.000000, 0.000000, 0.000000, 10.000000, 0.000000, 0.000000, 1.000000, 0.000000, 0, 
3.557855, 0.017853, 1, 1, 30.211491, 5.000000, 8.333333, 0.000000, 0.000000, 0.000000, 5.000000, 0.000000, 0.000000, 1.000000, 0.000000, 0, 
3.575913, 0.018058, 0, 1, -0.741202, 5.000000, -1.666667, 0.000000, 0.000000, 0.000000, 10.000000, 0.000000, 0.000000, 1.000000, 0.000000, 0, 
3.575913, 0.018058, 1, 1, 30.361975, 5.000000, 8.333333, 0.000000, 0.000000, 0.000000, 5.000000, 0.000000, 0.000000, 1.000000, 0.000000, 0, 
3.593813, 0.017900, 0, 1, -0.771036, 5.000000, -1.666667, 0.000000, 0.000000, 0.000000, 10.000000, 0.000000, 0.000000, 1.000000, 0.000000, 0, 
3.593813, 0.017900, 1, 1, 30.511141, 5.000000, 8.333333, 0.000000, 0.000000, 0.000000, 5.000000, 0.000000, 0.000000, 1.000000, 0.000000, 0, 
3.611475, 0.017662, 0, 1, -0.800472, 5.000000, -1.666667, 0.000000, 0.000000, 0.000000, 10.000000, 0.000000, 0.000000, 1.000000, 0.000000, 0, 
3.611475, 0.017662, 1, 1, 30.658323, 5.000000, 8.333333, 0.000000, 0.000000, 0.000000, 5.000000, 0.000000, 0.000000, 1.000000, 0.000000, 0, 
3.628541, 0.017066, 0, 1, -0.828916, 5.000000, -1.666667, 0.000000, 0.000000, 0.000000, 10.000000, 0.000000, 0.000000, 1.000000, 0.000000, 0, 
3.628541, 0.017066, 1, 1, 30.800539, 5.000000, 8.333333, 0.000000, 0.000000, 0.000000, 5.000000, 0.000000, 0.000000, 1.000000, 0.000000, 0, 
3.646998, 0.018457, 0, 1, -0.859677, 5.000000, -1.666667, 0.000000, 0.000000, 0.000000, 10.000000, 0.000000, 0.000000, 1.000000, 0.000000, 0, 
3.646998, 0.018457, 1, 1, 30.954348, 5.000000, 8.333333, 0.000000, 0.000000, 0.000000, 5.000000, 0.000000, 0.000000, 1.000000, 0.000000, 0, 
3.664377, 0.017379, 0, 1, -0.888642, 5.000000, -1.666667, 0.000000, 0.000000, 0.000000, 10.000000, 0.000000, 0.000000, 1.000000, 0.000000, 0, 
3.664377, 0.017379, 1, 1, 31.099173, 5.000000, 8.333333, 0.000000, 0.000000, 0.000000, 5.000000, 0.000000, 0.000000, 1.000000, 0.000000, 0, 
3.681110, 0.016733, 0, 1, -0.916531, 5.000000, -1.666667, 0.000000, 0.000000, 0.000000, 10.000000, 0.000000, 0.000000, 1.000000, 0.000000, 0, 
3.681110, 0.016733, 1, 1, 31.238615, 5.000000, 8.333333, 0.000000, 0.000000, 0.000000, 5.000000, 0.000000, 0.000000, 1.000000, 0.000000, 0, 
3.698024, 0.016914, 0, 1, -0.944721, 5.000000, -1.666667, 0.000000, 0.000000, 0.000000, 10.000000, 0.000000, 0.000000, 1.000000, 0.000000, 0, 
3.698024, 0.016914, 1, 1, 31.379564, 5.000000, 8.333333, 0.000000, 0.000000, 0.000000, 5.000000, 0.000000, 0.000000, 1.000000, 0.000000, 0, 
3.716205, 0.018181, 0, 1, -0.975022, 5.000000, -1.666667, 0.000000, 0.000000, 0.000000, 10.000000, 0.000000, 0.000000, 1.000000, 0.000000, 0, 
3.716205, 0.018181, 1, 1, 31.531073, 5.000000, 8.333333, 0.000000, 0.000000, 0.000000, 5.000000, 0.000000, 0.000000, 1.000000, 0.000000, 0, 
3.733598, 0.017393, 0, 1, -1.004011, 5.000000, -1.666667, 0.000000, 0.000000, 0.000000, 10.000000, 0.000000, 0.000000, 1.000000, 0.000000, 0, 
3.733598, 0.017393, 1, 1, 31.676014, 5.000000, 8.333333, 0.000000, 0.000000, 0.000000, 5.000000, 0.000000, 0.000000, 1.000000, 0.000000, 0, 
3.750885, 0.017287, 0, 1, -1.032822, 5.000000, -1.666667, 0.000000, 0.000000, 0.000000, 10.000000, 0.000000, 0.000000, 1.000000, 0.000000, 0, 
3.750885, 0.017287, 1, 1, 31.820072, 5.000000, 8.333333, 0.000000, 0.000000, 0.000000, 5.000000, 0.000000, 0.000000, 1.000000, 0.000000, 0, 
3.768152, 0.017266, 0, 1, -1.061599, 5.000000, -1.666667, 0.000000, 0.000000, 0.000000, 10.000000, 0.000000, 0.000000, 1.000000, 0.000000, 0, 
3.768152, 0.017266, 1, 1, 31.963955, 5.000000, 8.333333, 0.000000, 0.000000, 0.000000, 5.000000, 0.000000, 0.000000, 1.000000, 0.000000, 0, 
3.785495, 0.017343, 0, 1, -1.090504, 5.000000, -1.666667, 0.000000, 0.000000, 0.000000, 10.000000, 0.000000, 0.000000, 1.000000, 0.000000, 0, 
3.785495, 0.017343, 1, 1, 32.108479, 5.000000, 8.333333, 0.000000, 0.000000, 0.000000, 5.000000, 0.000000, 0.000000, 1.000000, 0.000000, 0, 
3.802621, 0.017126, 0, 1, -1.119047, 5.000000, -1.666667, 0.000000, 0.000000, 0.000000, 10.000000, 0.000000, 0.000000, 1.000000, 0.000000, 0, 
3.802621, 0.017126, 1, 1, 32.251194, 5.000000, 8.333333, 0.000000, 0.000000, 0.000000, 5.000000, 0.000000, 0.000000, 1.000000, 0.000000, 0, 
3.819847, 0.017226, 0, 1, -1.147757, 5.000000, -1.666667, 0.000000, 0.000000, 0.000000, 10.000000, 0.000000, 0.000000, 1.000000, 0.000000, 0, 
3.819847, 0.017226, 1, 1, 32.394745, 5.000000, 8.333333, 0.000000, 0.000000, 0.000000, 5.000000, 0.000000, 0.000000, 1.000000, 0.000000, 0, 
3.836967, 0.017120, 0, 1, -1.176291, 5.000000, -1.666667, 0.000000, 0.000000, 0.000000, 10.000000, 0.000000, 0.000000, 1.000000, 0.000000, 0, 
3.836967, 0.017120, 1, 1, 32.537411, 5.000000, 8.333333, 0.000000, 0.000000, 0.000000, 5.000000, 0.000000, 0.000000, 1.000000, 0.000000, 0, 
3.854484, 0.017517, 0, 1, -1.205486, 5.000000, -1.666667, 0.000000, 0.000000, 0.000000, 10.000000, 0.000000, 0.000000, 1.000000, 0.000000, 0, 
3.854484, 0.017517, 1, 1, 32.683384, 5.000000, 8.333333, 0.000000, 0.000000, 0.000000, 5.000000, 0.000000, 0.000000, 1.000000, 0.000000, 0, 
3.871814, 0.017331, 0, 1, -1.234371, 5.000000, -1.666667, 0.000000, 0.000000, 0.000000, 10.000000, 0.000000, 0.000000, 1.000000, 0.000000, 0, 
3.871814, 0.017331, 1, 1, 32.827808, 5.000000, 8.333333, 0.000000, 0.000000, 0.000000, 5.000000, 0.000000, 0.000000, 1.000000, 0.000000, 0, 
3.889282, 0.017467, 0, 1, -1.263482, 5.000000, -1.666667, 0.000000, 0.000000, 0.000000, 10.000000, 0.000000, 0.000000, 1.000000, 0.000000, 0, 
3.889282, 0.017467, 1, 1, 32.973366, 5.000000, 8.333333, 0.000000, 0.000000, 0.000000, 5.000000, 0.000000, 0.000000, 1.000000, 0.000000, 0, 
3.906485, 0.017203, 0, 1, -1.292154, 5.000000, -1.666667, 0.000000, 0.000000, 0.000000, 10.000000, 0.000000, 0.000000, 1.000000, 0.000000, 0, 
3.906485, 0.017203, 1, 1, 33.116726, 5.000000, 8.333333, 0.000000, 0.000000, 0.000000, 5.000000, 0.000000, 0.000000, 1.000000, 0.000000, 0, 
3.923589, 0.017104, 0, 1, -1.320660, 5.000000, -1.666667, 0.000000, 0.000000, 0.000000, 10.000000, 0.000000, 0.000000, 1.000000, 0.000000, 0, 
3.923589, 0.017104, 1, 1, 33.259258, 5.000000, 8.333333, 0.000000, 0.000000, 0.000000, 5.000000, 0.000000, 0.000000, 1.000000, 0.000000, 0, 
3.941037, 0.017449, 0, 1, -1.349742, 5.000000, -1.666667, 0.000000, 0.000000, 0.000000, 10.000000, 0.000000, 0.000000, 1.000000, 0.000000, 0, 
3.941037, 0.017449, 1, 1, 33.404667, 5.000000, 8.333333, 0.000000, 0.000000, 0.000000, 5.000000, 0.000000, 0.000000, 1.000000, 0.000000, 0, 
3.958246, 0.017209, 0, 1, -1.378424, 5.000000, -1.666667, 0.000000, 0.000000, 0.000000, 10.000000, 0.000000, 0.000000, 1.000000, 0.000000, 0, 
3.958246, 0.017209, 1, 1, 33.548077, 5.000000, 8.333333, 0.000000, 0.000000, 0.000000, 5.000000, 0.000000, 0.000000, 1.000000, 0.000000, 0, 
3.975399, 0.017152, 0, 1, -1.407010, 5.000000, -1.666667, 0.000000, 0.000000, 0.000000, 10.000000, 0.000000, 0.000000, 1.000000, 0.000000, 0, 
3.975399, 0.017152, 1, 1, 33.691010, 5.000000, 8.333333, 0.000000, 0.000000, 0.000000, 5.000000, 0.000000, 0.000000, 1.000000, 0.000000, 0, 
3.992473, 0.017074, 0, 1, -1.435467, 5.000000, -1.666667, 0.000000, 0.000000, 0.000000, 10.000000, 0.000000, 0.000000, 1.000000, 0.000000, 0, 
3.992473, 0.017074, 1, 1, 33.833294, 5.000000, 8.333333, 0.000000, 0.000000, 0.000000, 5.000000, 0.000000, 0.000000, 1.000000, 0.000000, 0, 
4.009517, 0.017044, 0, 1, -1.463874, 5.000000, -1.666667, 0.000000, 0.000000, 0.000000, 10.000000, 0.000000, 0.000000, 1.000000, 0.000000, 0, 
4.009517, 0.017044, 1, 1, 33.975327, 5.000000, 8.333333, 0.000000, 0.000000, 0.000000, 5.000000, 0.000000, 0.000000, 1.000000, 0.000000, 0, 
4.026508, 0.016991, 0, 1, -1.492192, 5.000000, -1.666667, 0.000000, 0.000000, 0.000000, 10.000000, 0.000000, 0.000000, 1.000000, 0.000000, 0, 
4.026508, 0.016991, 1, 1, 34.116917, 5.000000, 8.333333, 0.000000, 0.000000, 0.000000, 5.000000, 0.000000, 0.000000, 1.000000, 0.000000, 0, 
4.043546, 0.017038, 0, 1, -1.520589, 5.000000, -1.666667, 0.000000, 0.000000, 0.000000, 10.000000, 0.000000, 0.000000, 1.000000, 0.000000, 0, 
4.043546, 0.017038, 1, 1, 34.258900, 5.000000, 8.333333, 0.000000, 0.000000, 0.000000, 5.000000, 0.000000, 0.000000, 1.000000, 0.000000, 0, 
4.061960, 0.018414, 0, 1, -1.551279, 5.000000, -1.666667, 0.000000, 0.000000, 0.000000, 10.000000, 0.000000, 0.000000, 1.000000, 0.000000, 0, 
4.061960, 0.018414, 1, 1, 34.412350, 5.000000, 8.333333, 0.000000, 0.000000, 0.000000, 5.000000, 0.000000, 0.000000, 1.000000, 0.000000, 0, 
4.079283, 0.017323, 0, 1, -1.580150, 5.000000, -1.666667, 0.000000, 0.000000, 0.000000, 10.000000, 0.000000, 0.000000, 1.000000, 0.000000, 0, 
4.079283, 0.017323, 1, 1, 34.556709, 5.000000, 8.333333, 0.000000, 0.000000, 0.000000, 5.000000, 0.000000, 0.000000, 1.000000, 0.000000, 0, 
4.095949, 0.016666, 0, 1, -1.607927, 5.000000, -1.666667, 0.000000, 0.000000, 0.000000, 10.000000, 0.000000, 0.000000, 1.000000, 0.000000, 0, 
4.095949, 0.016666, 1, 1, 34.695591, 5.000000, 8.333333, 0.000000, 0.000000, 0.000000, 5.000000, 0.000000, 0.000000, 1.000000, 0.000000, 0, 
4.127869, 0.031920, 0, 1, -1.661127, 5.000000, -1.666667, 0.000000, 0.000000, 0.000000, 10.000000, 0.000000, 0.000000, 1.000000, 0.000000, 0, 
4.127869, 0.031920, 1, 1, 34.961590, 5.000000, 8.333333, 0.000000, 0.000000, 0.000000, 5.000000, 0.000000, 0.000000, 1.000000, 0.000000, 0, 
