GLOBALTIME, DELTATIME, ID, STATE, POS_x, POS_y, VEL_x, VEL_y, FR_x, FR_y, MASS, ROTATION(DEGREES), FRICTIONCOEF.., RESTITUTIONCOEF.., AIR DRAG COEF..,  use air resistance
0.016666, 0.016666, 0, 1, 5.000000, 1.083330, 0.000000, 5.000000, 0.000000, 0.000000, 10.000000, 0.000000, 0.000000, 1.000000, 0.000000, 0, 
0.016666, 0.016666, 1, 1, 5.000000, 8.916670, 0.000000, -5.000000, 0.000000, 0.000000, 5.000000, 0.000000, 0.000000, 1.000000, 0.000000, 0, 
0.033332, 0.016666, 0, 1, 5.000000, 1.166660, 0.000000, 5.000000, 0.000000, 0.000000, 10.000000, 0.000000, 0.000000, 1.000000, 0.000000, 0, 
0.033332, 0.016666, 1, 1, 5.000000, 8.833340, 0.000000, -5.000000, 0.000000, 0.000000, 5.000000, 0.000000, 0.000000, 1.000000, 0.000000, 0, 
0.049998, 0.016666, 0, 1, 5.000000, 1.249990, 0.000000, 5.000000, 0.000000, 0.000000, 10.000000, 0.000000, 0.000000, 1.000000, 0.000000, 0, 
0.049998, 0.016666, 1, 1, 5.000000, 8.750010, 0.000000, -5.000000, 0.000000, 0.000000, 5.000000, 0.000000, 0.000000, 1.000000, 0.000000, 0, 
0.066664, 0.016666, 0, 1, 5.000000, 1.333320, 0.000000, 5.000000, 0.000000, 0.000000, 10.000000, 0.000000, 0.000000, 1.000000, 0.000000, 0, 
0.066664, 0.016666, 1, 1, 5.000000, 8.666679, 0.000000, -5.000000, 0.000000, 0.000000, 5.000000, 0.000000, 0.000000, 1.000000, 0.000000, 0, 
0.083330, 0.016666, 0, 1, 5.000000, 1.416650, 0.000000, 5.000000, 0.000000, 0.000000, 10.000000, 0.000000, 0.000000, 1.000000, 0.000000, 0, 
0.083330, 0.016666, 1, 1, 5.000000, 8.583349, 0.000000, -5.000000, 0.000000, 0.000000, 5.000000, 0.000000, 0.000000, 1.000000, 0.000000, 0, 
0.099996, 0.016666, 0, 1, 5.000000, 1.499980, 0.000000, 5.000000, 0.000000, 0.000000, 10.000000, 0.000000, 0.000000, 1.000000, 0.000000, 0, 
0.099996, 0.016666, 1, 1, 5.000000, 8.500019, 0.000000, -5.000000, 0.000000, 0.000000, 5.000000, 0.000000, 0.000000, 1.000000, 0.000000, 0, 
0.139638, 0.039642, 0, 1, 5.000000, 1.698190, 0.000000, 5.000000, 0.000000, 0.000000, 10.000000, 0.000000, 0.000000, 1.000000, 0.000000, 0, 
0.139638, 0.039642, 1, 1, 5.000000, 8.301809, 0.000000, -5.000000, 0.000000, 0.000000, 5.000000, 0.000000, 0.000000, 1.000000, 0.000000, 0, 
0.157425, 0.017787, 0, 1, 5.000000, 1.787125, 0.000000, 5.000000, 0.000000, 0.000000, 10.000000, 0.000000, 0.000000, 1.000000, 0.000000, 0, 
0.157425, 0.017787, 1, 1, 5.000000, 8.212874, 0.000000, -5.000000, 0.000000, 0.000000, 5.000000, 0.000000, 0.000000, 1.000000, 0.000000, 0, 
0.174167, 0.016742, 0, 1, 5.000000, 1.870835, 0.000000, 5.000000, 0.000000, 0.000000, 10.000000, 0.000000, 0.000000, 1.000000, 0.000000, 0, 
0.174167, 0.016742, 1, 1, 5.000000, 8.129165, 0.000000, -5.000000, 0.000000, 0.000000, 5.000000, 0.000000, 0.000000, 1.000000, 0.000000, 0, 
0.190917, 0.016750, 0, 1, 5.000000, 1.954585, 0.000000, 5.000000, 0.000000, 0.000000, 10.000000, 0.000000, 0.000000, 1.000000, 0.000000, 0, 
0.190917, 0.016750, 1, 1, 5.000000, 8.045415, 0.000000, -5.000000, 0.000000, 0.000000, 5.000000, 0.000000, 0.000000, 1.000000, 0.000000, 0, 
0.208665, 0.017748, 0, 1, 5.000000, 2.043325, 0.000000, 5.000000, 0.000000, 0.000000, 10.000000, 0.000000, 0.000000, 1.000000, 0.000000, 0, 
0.208665, 0.017748, 1, 1, 5.000000, 7.956675, 0.000000, -5.000000, 0.000000, 0.000000, 5.000000, 0.000000, 0.000000, 1.000000, 0.000000, 0, 
0.226400, 0.017735, 0, 1, 5.000000, 2.132000, 0.000000, 5.000000, 0.000000, 0.000000, 10.000000, 0.000000, 0.000000, 1.000000, 0.000000, 0, 
0.226400, 0.017735, 1, 1, 5.000000, 7.868000, 0.000000, -5.000000, 0.000000, 0.000000, 5.000000, 0.000000, 0.000000, 1.000000, 0.000000, 0, 
0.243770, 0.017370, 0, 1, 5.000000, 2.218850, 0.000000, 5.000000, 0.000000, 0.000000, 10.000000, 0.000000, 0.000000, 1.000000, 0.000000, 0, 
0.243770, 0.017370, 1, 1, 5.000000, 7.781150, 0.000000, -5.000000, 0.000000, 0.000000, 5.000000, 0.000000, 0.000000, 1.000000, 0.000000, 0, 
0.261271, 0.017501, 0, 1, 5.000000, 2.306355, 0.000000, 5.000000, 0.000000, 0.000000, 10.000000, 0.000000, 0.000000, 1.000000, 0.000000, 0, 
0.261271, 0.017501, 1, 1, 5.000000, 7.693645, 0.000000, -5.000000, 0.000000, 0.000000, 5.000000, 0.000000, 0.000000, 1.000000, 0.000000, 0, 
0.280867, 0.019596, 0, 1, 5.000000, 2.404335, 0.000000, 5.000000, 0.000000, 0.000000, 10.000000, 0.000000, 0.000000, 1.000000, 0.000000, 0, 
0.280867, 0.019596, 1, 1, 5.000000, 7.595665, 0.000000, -5.000000, 0.000000, 0.000000, 5.000000, 0.000000, 0.000000, 1.000000, 0.000000, 0, 
0.298534, 0.017667, 0, 1, 5.000000, 2.492670, 0.000000, 5.000000, 0.000000, 0.000000, 10.000000, 0.000000, 0.000000, 1.000000, 0.000000, 0, 
0.298534, 0.017667, 1, 1, 5.000000, 7.507330, 0.000000, -5.000000, 0.000000, 0.000000, 5.000000, 0.000000, 0.000000, 1.000000, 0.000000, 0, 
0.316992, 0.018458, 0, 1, 5.000000, 2.584960, 0.000000, 5.000000, 0.000000, 0.000000, 10.000000, 0.000000, 0.000000, 1.000000, 0.000000, 0, 
0.316992, 0.018458, 1, 1, 5.000000, 7.415040, 0.000000, -5.000000, 0.000000, 0.000000, 5.000000, 0.000000, 0.000000, 1.000000, 0.000000, 0, 
0.335331, 0.018339, 0, 1, 5.000000, 2.676655, 0.000000, 5.000000, 0.000000, 0.000000, 10.000000, 0.000000, 0.000000, 1.000000, 0.000000, 0, 
0.335331, 0.018339, 1, 1, 5.000000, 7.323345, 0.000000, -5.000000, 0.000000, 0.000000, 5.000000, 0.000000, 0.000000, 1.000000, 0.000000, 0, 
0.352856, 0.017525, 0, 1, 5.000000, 2.764280, 0.000000, 5.000000, 0.000000, 0.000000, 10.000000, 0.000000, 0.000000, 1.000000, 0.000000, 0, 
0.352856, 0.017525, 1, 1, 5.000000, 7.235720, 0.000000, -5.000000, 0.000000, 0.000000, 5.000000, 0.000000, 0.000000, 1.000000, 0.000000, 0, 
0.370281, 0.017425, 0, 1, 5.000000, 2.851405, 0.000000, 5.000000, 0.000000, 0.000000, 10.000000, 0.000000, 0.000000, 1.000000, 0.000000, 0, 
0.370281, 0.017425, 1, 1, 5.000000, 7.148595, 0.000000, -5.000000, 0.000000, 0.000000, 5.000000, 0.000000, 0.000000, 1.000000, 0.000000, 0, 
0.387095, 0.016814, 0, 1, 5.000000, 2.935475, 0.000000, 5.000000, 0.000000, 0.000000, 10.000000, 0.000000, 0.000000, 1.000000, 0.000000, 0, 
0.387095, 0.016814, 1, 1, 5.000000, 7.064525, 0.000000, -5.000000, 0.000000, 0.000000, 5.000000, 0.000000, 0.000000, 1.000000, 0.000000, 0, 
0.404116, 0.017021, 0, 1, 5.000000, 3.020580, 0.000000, 5.000000, 0.000000, 0.000000, 10.000000, 0.000000, 0.000000, 1.000000, 0.000000, 0, 
0.404116, 0.017021, 1, 1, 5.000000, 6.979420, 0.000000, -5.000000, 0.000000, 0.000000, 5.000000, 0.000000, 0.000000, 1.000000, 0.000000, 0, 
0.421225, 0.017109, 0, 1, 5.000000, 3.106125, 0.000000, 5.000000, 0.000000, 0.000000, 10.000000, 0.000000, 0.000000, 1.000000, 0.000000, 0, 
0.421225, 0.017109, 1, 1, 5.000000, 6.893875, 0.000000, -5.000000, 0.000000, 0.000000, 5.000000, 0.000000, 0.000000, 1.000000, 0.000000, 0, 
0.438625, 0.017400, 0, 1, 5.000000, 3.193125, 0.000000, 5.000000, 0.000000, 0.000000, 10.000000, 0.000000, 0.000000, 1.000000, 0.000000, 0, 
0.438625, 0.017400, 1, 1, 5.000000, 6.806875, 0.000000, -5.000000, 0.000000, 0.000000, 5.000000, 0.000000, 0.000000, 1.000000, 0.000000, 0, 
0.455339, 0.016714, 0, 1, 5.000000, 3.276695, 0.000000, 5.000000, 0.000000, 0.000000, 10.000000, 0.000000, 0.000000, 1.000000, 0.000000, 0, 
0.455339, 0.016714, 1, 1, 5.000000, 6.723305, 0.000000, -5.000000, 0.000000, 0.000000, 5.000000, 0.000000, 0.000000, 1.000000, 0.000000, 0, 
0.472459, 0.017120, 0, 1, 5.000000, 3.362295, 0.000000, 5.000000, 0.000000, 0.000000, 10.000000, 0.000000, 0.000000, 1.000000, 0.000000, 0, 
0.472459, 0.017120, 1, 1, 5.000000, 6.637705, 0.000000, -5.000000, 0.000000, 0.000000, 5.000000, 0.000000, 0.000000, 1.000000, 0.000000, 0, 
0.500739, 0.028280, 0, 1, 5.000000, 3.503695, 0.000000, 5.000000, 0.000000, 0.000000, 10.000000, 0.000000, 0.000000, 1.000000, 0.000000, 0, 
0.500739, 0.028280, 1, 1, 5.000000, 6.496305, 0.000000, -5.000000, 0.000000, 0.000000, 5.000000, 0.000000, 0.000000, 1.000000, 0.000000, 0, 
0.518330, 0.017591, 0, 1, 5.000000, 3.591650, 0.000000, 5.000000, 0.000000, 0.000000, 10.000000, 0.000000, 0.000000, 1.000000, 0.000000, 0, 
0.518330, 0.017591, 1, 1, 5.000000, 6.408350, 0.000000, -5.000000, 0.000000, 0.000000, 5.000000, 0.000000, 0.000000, 1.000000, 0.000000, 0, 
0.535177, 0.016847, 0, 1, 5.000000, 3.675885, 0.000000, 5.000000, 0.000000, 0.000000, 10.000000, 0.000000, 0.000000, 1.000000, 0.000000, 0, 
0.535177, 0.016847, 1, 1, 5.000000, 6.324115, 0.000000, -5.000000, 0.000000, 0.000000, 5.000000, 0.000000, 0.000000, 1.000000, 0.000000, 0, 
0.552652, 0.017475, 0, 1, 5.000000, 3.763260, 0.000000, 5.000000, 0.000000, 0.000000, 10.000000, 0.000000, 0.000000, 1.000000, 0.000000, 0, 
0.552652, 0.017475, 1, 1, 5.000000, 6.236740, 0.000000, -5.000000, 0.000000, 0.000000, 5.000000, 0.000000, 0.000000, 1.000000, 0.000000, 0, 
0.569581, 0.016929, 0, 1, 5.000000, 3.847905, 0.000000, 5.000000, 0.000000, 0.000000, 10.000000, 0.000000, 0.000000, 1.000000, 0.000000, 0, 
0.569581, 0.016929, 1, 1, 5.000000, 6.152095, 0.000000, -5.000000, 0.000000, 0.000000, 5.000000, 0.000000, 0.000000, 1.000000, 0.000000, 0, 
0.586983, 0.017402, 0, 1, 5.000000, 3.934915, 0.000000, 5.000000, 0.000000, 0.000000, 10.000000, 0.000000, 0.000000, 1.000000, 0.000000, 0, 
0.586983, 0.017402, 1, 1, 5.000000, 6.065085, 0.000000, -5.000000, 0.000000, 0.000000, 5.000000, 0.000000, 0.000000, 1.000000, 0.000000, 0, 
0.604384, 0.017401, 0, 1, 5.000000, 4.021920, 0.000000, 5.000000, 0.000000, 0.000000, 10.000000, 0.000000, 0.000000, 1.000000, 0.000000, 0, 
0.604384, 0.017401, 1, 1, 5.000000, 5.978080, 0.000000, -5.000000, 0.000000, 0.000000, 5.000000, 0.000000, 0.000000, 1.000000, 0.000000, 0, 
0.621528, 0.017144, 0, 1, 5.000000, 4.107640, 0.000000, 5.000000, 0.000000, 0.000000, 10.000000, 0.000000, 0.000000, 1.000000, 0.000000, 0, 
0.621528, 0.017144, 1, 1, 5.000000, 5.892360, 0.000000, -5.000000, 0.000000, 0.000000, 5.000000, 0.000000, 0.000000, 1.000000, 0.000000, 0, 
0.638977, 0.017449, 0, 1, 5.000000, 4.194885, 0.000000, 5.000000, 0.000000, 0.000000, 10.000000, 0.000000, 0.000000, 1.000000, 0.000000, 0, 
0.638977, 0.017449, 1, 1, 5.000000, 5.805115, 0.000000, -5.000000, 0.000000, 0.000000, 5.000000, 0.000000, 0.000000, 1.000000, 0.000000, 0, 
0.656566, 0.017589, 0, 1, 5.000000, 4.121797, 0.000000, -1.666667, 0.000000, 0.000000, 10.000000, 0.000000, 0.000000, 1.000000, 0.000000, 0, 
0.656566, 0.017589, 1, 1, 5.000000, 6.039238, 0.000000, 8.333333, 0.000000, 0.000000, 5.000000, 0.000000, 0.000000, 1.000000, 0.000000, 0, 
0.674281, 0.017715, 0, 1, 5.000000, 4.092272, 0.000000, -1.666667, 0.000000, 0.000000, 10.000000, 0.000000, 0.000000, 1.000000, 0.000000, 0, 
0.674281, 0.017715, 1, 1, 5.000000, 6.186863, 0.000000, 8.333333, 0.000000, 0.000000, 5.000000, 0.000000, 0.000000, 1.000000, 0.000000, 0, 
0.692282, 0.018001, 0, 1, 5.000000, 4.062270, 0.000000, -1.666667, 0.000000, 0.000000, 10.000000, 0.000000, 0.000000, 1.000000, 0.000000, 0, 
0.692282, 0.018001, 1, 1, 5.000000, 6.336872, 0.000000, 8.333333, 0.000000, 0.000000, 5.000000, 0.000000, 0.000000, 1.000000, 0.000000, 0, 
0.709445, 0.017163, 0, 1, 5.000000, 4.033665, 0.000000, -1.666667, 0.000000, 0.000000, 10.000000, 0.000000, 0.000000, 1.000000, 0.000000, 0, 
0.709445, 0.017163, 1, 1, 5.000000, 6.479897, 0.000000, 8.333333, 0.000000, 0.000000, 5.000000, 0.000000, 0.000000, 1.000000, 0.000000, 0, 
0.727556, 0.018111, 0, 1, 5.000000, 4.003480, 0.000000, -1.666667, 0.000000, 0.000000, 10.000000, 0.000000, 0.000000, 1.000000, 0.000000, 0, 
0.727556, 0.018111, 1, 1, 5.000000, 6.630822, 0.000000, 8.333333, 0.000000, 0.000000, 5.000000, 0.000000, 0.000000, 1.000000, 0.000000, 0, 
0.745619, 0.018063, 0, 1, 5.000000, 3.973375, 0.000000, -1.666667, 0.000000, 0.000000, 10.000000, 0.000000, 0.000000, 1.000000, 0.000000, 0, 
0.745619, 0.018063, 1, 1, 5.000000, 6.781347, 0.000000, 8.333333, 0.000000, 0.000000, 5.000000, 0.000000, 0.000000, 1.000000, 0.000000, 0, 
0.762860, 0.017241, 0, 1, 5.000000, 3.944640, 0.000000, -1.666667, 0.000000, 0.000000, 10.000000, 0.000000, 0.000000, 1.000000, 0.000000, 0, 
0.762860, 0.017241, 1, 1, 5.000000, 6.925022, 0.000000, 8.333333, 0.000000, 0.000000, 5.000000, 0.000000, 0.000000, 1.000000, 0.000000, 0, 
0.779961, 0.017101, 0, 1, 5.000000, 3.916138, 0.000000, -1.666667, 0.000000, 0.000000, 10.000000, 0.000000, 0.000000, 1.000000, 0.000000, 0, 
0.779961, 0.017101, 1, 1, 5.000000, 7.067530, 0.000000, 8.333333, 0.000000, 0.000000, 5.000000, 0.000000, 0.000000, 1.000000, 0.000000, 0, 
0.797221, 0.017260, 0, 1, 5.000000, 3.887372, 0.000000, -1.666667, 0.000000, 0.000000, 10.000000, 0.000000, 0.000000, 1.000000, 0.000000, 0, 
0.797221, 0.017260, 1, 1, 5.000000, 7.211363, 0.000000, 8.333333, 0.000000, 0.000000, 5.000000, 0.000000, 0.000000, 1.000000, 0.000000, 0, 
0.814321, 0.017100, 0, 1, 5.000000, 3.858871, 0.000000, -1.666667, 0.000000, 0.000000, 10.000000, 0.000000, 0.000000, 1.000000, 0.000000, 0, 
0.814321, 0.017100, 1, 1, 5.000000, 7.353863, 0.000000, 8.333333, 0.000000, 0.000000, 5.000000, 0.000000, 0.000000, 1.000000, 0.000000, 0, 
0.832188, 0.017867, 0, 1, 5.000000, 3.829093, 0.000000, -1.666667, 0.000000, 0.000000, 10.000000, 0.000000, 0.000000, 1.000000, 0.000000, 0, 
0.832188, 0.017867, 1, 1, 5.000000, 7.502755, 0.000000, 8.333333, 0.000000, 0.000000, 5.000000, 0.000000, 0.000000, 1.000000, 0.000000, 0, 
0.850129, 0.017941, 0, 1, 5.000000, 3.799191, 0.000000, -1.666667, 0.000000, 0.000000, 10.000000, 0.000000, 0.000000, 1.000000, 0.000000, 0, 
0.850129, 0.017941, 1, 1, 5.000000, 7.652263, 0.000000, 8.333333, 0.000000, 0.000000, 5.000000, 0.000000, 0.000000, 1.000000, 0.000000, 0, 
0.867717, 0.017588, 0, 1, 5.000000, 3.769878, 0.000000, -1.666667, 0.000000, 0.000000, 10.000000, 0.000000, 0.000000, 1.000000, 0.000000, 0, 
0.867717, 0.017588, 1, 1, 5.000000, 7.798830, 0.000000, 8.333333, 0.000000, 0.000000, 5.000000, 0.000000, 0.000000, 1.000000, 0.000000, 0, 
0.884874, 0.017157, 0, 1, 5.000000, 3.741283, 0.000000, -1.666667, 0.000000, 0.000000, 10.000000, 0.000000, 0.000000, 1.000000, 0.000000, 0, 
0.884874, 0.017157, 1, 1, 5.000000, 7.941805, 0.000000, 8.333333, 0.000000, 0.000000, 5.000000, 0.000000, 0.000000, 1.000000, 0.000000, 0, 
0.902118, 0.017244, 0, 1, 5.000000, 3.712543, 0.000000, -1.666667, 0.000000, 0.000000, 10.000000, 0.000000, 0.000000, 1.000000, 0.000000, 0, 
0.902118, 0.017244, 1, 1, 5.000000, 8.085505, 0.000000, 8.333333, 0.000000, 0.000000, 5.000000, 0.000000, 0.000000, 1.000000, 0.000000, 0, 
0.919424, 0.017306, 0, 1, 5.000000, 3.683700, 0.000000, -1.666667, 0.000000, 0.000000, 10.000000, 0.000000, 0.000000, 1.000000, 0.000000, 0, 
0.919424, 0.017306, 1, 1, 5.000000, 8.229721, 0.000000, 8.333333, 0.000000, 0.000000, 5.000000, 0.000000, 0.000000, 1.000000, 0.000000, 0, 
0.936263, 0.016839, 0, 1, 5.000000, 3.655635, 0.000000, -1.666667, 0.000000, 0.000000, 10.000000, 0.000000, 0.000000, 1.000000, 0.000000, 0, 
0.936263, 0.016839, 1, 1, 5.000000, 8.370046, 0.000000, 8.333333, 0.000000, 0.000000, 5.000000, 0.000000, 0.000000, 1.000000, 0.000000, 0, 
0.953308, 0.017045, 0, 1, 5.000000, 3.627227, 0.000000, -1.666667, 0.000000, 0.000000, 10.000000, 0.000000, 0.000000, 1.000000, 0.000000, 0, 
0.953308, 0.017045, 1, 1, 5.000000, 8.512087, 0.000000, 8.333333, 0.000000, 0.000000, 5.000000, 0.000000, 0.000000, 1.000000, 0.000000, 0, 
0.970142, 0.016834, 0, 1, 5.000000, 3.599170, 0.000000, -1.666667, 0.000000, 0.000000, 10.000000, 0.000000, 0.000000, 1.000000, 0.000000, 0, 
0.970142, 0.016834, 1, 1, 5.000000, 8.652370, 0.000000, 8.333333, 0.000000, 0.000000, 5.000000, 0.000000, 0.000000, 1.000000, 0.000000, 0, 
0.986921, 0.016779, 0, 1, 5.000000, 3.571205, 0.000000, -1.666667, 0.000000, 0.000000, 10.000000, 0.000000, 0.000000, 1.000000, 0.000000, 0, 
0.986921, 0.016779, 1, 1, 5.000000, 8.792195, 0.000000, 8.333333, 0.000000, 0.000000, 5.000000, 0.000000, 0.000000, 1.000000, 0.000000, 0, 
1.003673, 0.016752, 0, 1, 5.000000, 3.543285, 0.000000, -1.666667, 0.000000, 0.000000, 10.000000, 0.000000, 0.000000, 1.000000, 0.000000, 0, 
1.003673, 0.016752, 1, 1, 5.000000, 8.931795, 0.000000, 8.333333, 0.000000, 0.000000, 5.000000, 0.000000, 0.000000, 1.000000, 0.000000, 0, 
1.020584, 0.016911, 0, 1, 5.000000, 3.515100, 0.000000, -1.666667, 0.000000, 0.000000, 10.000000, 0.000000, 0.000000, 1.000000, 0.000000, 0, 
1.020584, 0.016911, 1, 1, 5.000000, 9.072721, 0.000000, 8.333333, 0.000000, 0.000000, 5.000000, 0.000000, 0.000000, 1.000000, 0.000000, 0, 
1.037471, 0.016887, 0, 1, 5.000000, 3.486955, 0.000000, -1.666667, 0.000000, 0.000000, 10.000000, 0.000000, 0.000000, 1.000000, 0.000000, 0, 
1.037471, 0.016887, 1, 1, 5.000000, 9.213446, 0.000000, 8.333333, 0.000000, 0.000000, 5.000000, 0.000000, 0.000000, 1.000000, 0.000000, 0, 
1.054197, 0.016726, 0, 1, 5.000000, 3.459078, 0.000000, -1.666667, 0.000000, 0.000000, 10.000000, 0.000000, 0.000000, 1.000000, 0.000000, 0, 
1.054197, 0.016726, 1, 1, 5.000000, 9.352829, 0.000000, 8.333333, 0.000000, 0.000000, 5.000000, 0.000000, 0.000000, 1.000000, 0.000000, 0, 
1.071018, 0.016821, 0, 1, 5.000000, 3.431043, 0.000000, -1.666667, 0.000000, 0.000000, 10.000000, 0.000000, 0.000000, 1.000000, 0.000000, 0, 
1.071018, 0.016821, 1, 1, 5.000000, 9.493004, 0.000000, 8.333333, 0.000000, 0.000000, 5.000000, 0.000000, 0.000000, 1.000000, 0.000000, 0, 
1.088812, 0.017794, 0, 1, 5.000000, 3.401387, 0.000000, -1.666667, 0.000000, 0.000000, 10.000000, 0.000000, 0.000000, 1.000000, 0.000000, 0, 
1.088812, 0.017794, 1, 1, 5.000000, 9.641287, 0.000000, 8.333333, 0.000000, 0.000000, 5.000000, 0.000000, 0.000000, 1.000000, 0.000000, 0, 
1.106882, 0.018070, 0, 1, 5.000000, 3.371270, 0.000000, -1.666667, 0.000000, 0.000000, 10.000000, 0.000000, 0.000000, 1.000000, 0.000000, 0, 
1.106882, 0.018070, 1, 1, 5.000000, 9.791870, 0.000000, 8.333333, 0.000000, 0.000000, 5.000000, 0.000000, 0.000000, 1.000000, 0.000000, 0, 
1.123626, 0.016744, 0, 1, 5.000000, 3.343364, 0.000000, -1.666667, 0.000000, 0.000000, 10.000000, 0.000000, 0.000000, 1.000000, 0.000000, 0, 
1.123626, 0.016744, 1, 1, 5.000000, 9.931403, 0.000000, 8.333333, 0.000000, 0.000000, 5.000000, 0.000000, 0.000000, 1.000000, 0.000000, 0, 
1.140464, 0.016838, 0, 1, 5.000000, 3.315300, 0.000000, -1.666667, 0.000000, 0.000000, 10.000000, 0.000000, 0.000000, 1.000000, 0.000000, 0, 
1.140464, 0.016838, 1, 1, 5.000000, 10.071720, 0.000000, 8.333333, 0.000000, 0.000000, 5.000000, 0.000000, 0.000000, 1.000000, 0.000000, 0, 
1.157200, 0.016736, 0, 1, 5.000000, 3.287407, 0.000000, -1.666667, 0.000000, 0.000000, 10.000000, 0.000000, 0.000000, 1.000000, 0.000000, 0, 
1.157200, 0.016736, 1, 1, 5.000000, 10.211186, 0.000000, 8.333333, 0.000000, 0.000000, 5.000000, 0.000000, 0.000000, 1.000000, 0.000000, 0, 
1.173950, 0.016750, 0, 1, 5.000000, 3.259490, 0.000000, -1.666667, 0.000000, 0.000000, 10.000000, 0.000000, 0.000000, 1.000000, 0.000000, 0, 
1.173950, 0.016750, 1, 1, 5.000000, 10.350770, 0.000000, 8.333333, 0.000000, 0.000000, 5.000000, 0.000000, 0.000000, 1.000000, 0.000000, 0, 
1.212179, 0.038229, 0, 1, 5.000000, 3.195775, 0.000000, -1.666667, 0.000000, 0.000000, 10.000000, 0.000000, 0.000000, 1.000000, 0.000000, 0, 
1.212179, 0.038229, 1, 1, 5.000000, 10.669345, 0.000000, 8.333333, 0.000000, 0.000000, 5.000000, 0.000000, 0.000000, 1.000000, 0.000000, 0, 
1.229596, 0.017417, 0, 1, 5.000000, 3.166747, 0.000000, -1.666667, 0.000000, 0.000000, 10.000000, 0.000000, 0.000000, 1.000000, 0.000000, 0, 
1.229596, 0.017417, 1, 1, 5.000000, 10.814487, 0.000000, 8.333333, 0.000000, 0.000000, 5.000000, 0.000000, 0.000000, 1.000000, 0.000000, 0, 
1.246822, 0.017226, 0, 1, 5.000000, 3.138037, 0.000000, -1.666667, 0.000000, 0.000000, 10.000000, 0.000000, 0.000000, 1.000000, 0.000000, 0, 
1.246822, 0.017226, 1, 1, 5.000000, 10.958036, 0.000000, 8.333333, 0.000000, 0.000000, 5.000000, 0.000000, 0.000000, 1.000000, 0.000000, 0, 
1.263831, 0.017009, 0, 1, 5.000000, 3.109689, 0.000000, -1.666667, 0.000000, 0.000000, 10.000000, 0.000000, 0.000000, 1.000000, 0.000000, 0, 
1.263831, 0.017009, 1, 1, 5.000000, 11.099778, 0.000000, 8.333333, 0.000000, 0.000000, 5.000000, 0.000000, 0.000000, 1.000000, 0.000000, 0, 
1.280821, 0.016990, 0, 1, 5.000000, 3.081372, 0.000000, -1.666667, 0.000000, 0.000000, 10.000000, 0.000000, 0.000000, 1.000000, 0.000000, 0, 
1.280821, 0.016990, 1, 1, 5.000000, 11.241362, 0.000000, 8.333333, 0.000000, 0.000000, 5.000000, 0.000000, 0.000000, 1.000000, 0.000000, 0, 
1.298750, 0.017929, 0, 1, 5.000000, 3.051490, 0.000000, -1.666667, 0.000000, 0.000000, 10.000000, 0.000000, 0.000000, 1.000000, 0.000000, 0, 
1.298750, 0.017929, 1, 1, 5.000000, 11.390770, 0.000000, 8.333333, 0.000000, 0.000000, 5.000000, 0.000000, 0.000000, 1.000000, 0.000000, 0, 
1.315685, 0.016935, 0, 1, 5.000000, 3.023265, 0.000000, -1.666667, 0.000000, 0.000000, 10.000000, 0.000000, 0.000000, 1.000000, 0.000000, 0, 
1.315685, 0.016935, 1, 1, 5.000000, 11.531895, 0.000000, 8.333333, 0.000000, 0.000000, 5.000000, 0.000000, 0.000000, 1.000000, 0.000000, 0, 
1.332471, 0.016786, 0, 1, 5.000000, 2.995288, 0.000000, -1.666667, 0.000000, 0.000000, 10.000000, 0.000000, 0.000000, 1.000000, 0.000000, 0, 
1.332471, 0.016786, 1, 1, 5.000000, 11.671778, 0.000000, 8.333333, 0.000000, 0.000000, 5.000000, 0.000000, 0.000000, 1.000000, 0.000000, 0, 
1.350174, 0.017703, 0, 1, 5.000000, 2.965783, 0.000000, -1.666667, 0.000000, 0.000000, 10.000000, 0.000000, 0.000000, 1.000000, 0.000000, 0, 
1.350174, 0.017703, 1, 1, 5.000000, 11.819303, 0.000000, 8.333333, 0.000000, 0.000000, 5.000000, 0.000000, 0.000000, 1.000000, 0.000000, 0, 
1.367629, 0.017455, 0, 1, 5.000000, 2.936692, 0.000000, -1.666667, 0.000000, 0.000000, 10.000000, 0.000000, 0.000000, 1.000000, 0.000000, 0, 
1.367629, 0.017455, 1, 1, 5.000000, 11.964761, 0.000000, 8.333333, 0.000000, 0.000000, 5.000000, 0.000000, 0.000000, 1.000000, 0.000000, 0, 
1.384363, 0.016734, 0, 1, 5.000000, 2.908802, 0.000000, -1.666667, 0.000000, 0.000000, 10.000000, 0.000000, 0.000000, 1.000000, 0.000000, 0, 
1.384363, 0.016734, 1, 1, 5.000000, 12.104211, 0.000000, 8.333333, 0.000000, 0.000000, 5.000000, 0.000000, 0.000000, 1.000000, 0.000000, 0, 
1.402002, 0.017639, 0, 1, 5.000000, 2.879403, 0.000000, -1.666667, 0.000000, 0.000000, 10.000000, 0.000000, 0.000000, 1.000000, 0.000000, 0, 
1.402002, 0.017639, 1, 1, 5.000000, 12.251203, 0.000000, 8.333333, 0.000000, 0.000000, 5.000000, 0.000000, 0.000000, 1.000000, 0.000000, 0, 
1.419397, 0.017395, 0, 1, 5.000000, 2.850412, 0.000000, -1.666667, 0.000000, 0.000000, 10.000000, 0.000000, 0.000000, 1.000000, 0.000000, 0, 
1.419397, 0.017395, 1, 1, 5.000000, 12.396161, 0.000000, 8.333333, 0.000000, 0.000000, 5.000000, 0.000000, 0.000000, 1.000000, 0.000000, 0, 
1.437044, 0.017647, 0, 1, 5.000000, 2.821000, 0.000000, -1.666667, 0.000000, 0.000000, 10.000000, 0.000000, 0.000000, 1.000000, 0.000000, 0, 
1.437044, 0.017647, 1, 1, 5.000000, 12.543220, 0.000000, 8.333333, 0.000000, 0.000000, 5.000000, 0.000000, 0.000000, 1.000000, 0.000000, 0, 
1.454872, 0.017828, 0, 1, 5.000000, 2.791287, 0.000000, -1.666667, 0.000000, 0.000000, 10.000000, 0.000000, 0.000000, 1.000000, 0.000000, 0, 
1.454872, 0.017828, 1, 1, 5.000000, 12.691786, 0.000000, 8.333333, 0.000000, 0.000000, 5.000000, 0.000000, 0.000000, 1.000000, 0.000000, 0, 
1.472264, 0.017392, 0, 1, 5.000000, 2.762300, 0.000000, -1.666667, 0.000000, 0.000000, 10.000000, 0.000000, 0.000000, 1.000000, 0.000000, 0, 
1.472264, 0.017392, 1, 1, 5.000000, 12.836720, 0.000000, 8.333333, 0.000000, 0.000000, 5.000000, 0.000000, 0.000000, 1.000000, 0.000000, 0, 
1.493920, 0.021656, 0, 1, 5.000000, 2.726207, 0.000000, -1.666667, 0.000000, 0.000000, 10.000000, 0.000000, 0.000000, 1.000000, 0.000000, 0, 
1.493920, 0.021656, 1, 1, 5.000000, 13.017186, 0.000000, 8.333333, 0.000000, 0.000000, 5.000000, 0.000000, 0.000000, 1.000000, 0.000000, 0, 
1.511909, 0.017989, 0, 1, 5.000000, 2.696225, 0.000000, -1.666667, 0.000000, 0.000000, 10.000000, 0.000000, 0.000000, 1.000000, 0.000000, 0, 
1.511909, 0.017989, 1, 1, 5.000000, 13.167094, 0.000000, 8.333333, 0.000000, 0.000000, 5.000000, 0.000000, 0.000000, 1.000000, 0.000000, 0, 
1.529439, 0.017530, 0, 1, 5.000000, 2.667008, 0.000000, -1.666667, 0.000000, 0.000000, 10.000000, 0.000000, 0.000000, 1.000000, 0.000000, 0, 
1.529439, 0.017530, 1, 1, 5.000000, 13.313177, 0.000000, 8.333333, 0.000000, 0.000000, 5.000000, 0.000000, 0.000000, 1.000000, 0.000000, 0, 
1.546337, 0.016898, 0, 1, 5.000000, 2.638845, 0.000000, -1.666667, 0.000000, 0.000000, 10.000000, 0.000000, 0.000000, 1.000000, 0.000000, 0, 
1.546337, 0.016898, 1, 1, 5.000000, 13.453994, 0.000000, 8.333333, 0.000000, 0.000000, 5.000000, 0.000000, 0.000000, 1.000000, 0.000000, 0, 
1.563095, 0.016758, 0, 1, 5.000000, 2.610915, 0.000000, -1.666667, 0.000000, 0.000000, 10.000000, 0.000000, 0.000000, 1.000000, 0.000000, 0, 
1.563095, 0.016758, 1, 1, 5.000000, 13.593644, 0.000000, 8.333333, 0.000000, 0.000000, 5.000000, 0.000000, 0.000000, 1.000000, 0.000000, 0, 
1.579854, 0.016759, 0, 1, 5.000000, 2.582983, 0.000000, -1.666667, 0.000000, 0.000000, 10.000000, 0.000000, 0.000000, 1.000000, 0.000000, 0, 
1.579854, 0.016759, 1, 1, 5.000000, 13.733302, 0.000000, 8.333333, 0.000000, 0.000000, 5.000000, 0.000000, 0.000000, 1.000000, 0.000000, 0, 
1.597433, 0.017579, 0, 1, 5.000000, 2.553685, 0.000000, -1.666667, 0.000000, 0.000000, 10.000000, 0.000000, 0.000000, 1.000000, 0.000000, 0, 
1.597433, 0.017579, 1, 1, 5.000000, 13.879794, 0.000000, 8.333333, 0.000000, 0.000000, 5.000000, 0.000000, 0.000000, 1.000000, 0.000000, 0, 
1.614792, 0.017359, 0, 1, 5.000000, 2.524753, 0.000000, -1.666667, 0.000000, 0.000000, 10.000000, 0.000000, 0.000000, 1.000000, 0.000000, 0, 
1.614792, 0.017359, 1, 1, 5.000000, 14.024452, 0.000000, 8.333333, 0.000000, 0.000000, 5.000000, 0.000000, 0.000000, 1.000000, 0.000000, 0, 
1.631649, 0.016857, 0, 1, 5.000000, 2.496658, 0.000000, -1.666667, 0.000000, 0.000000, 10.000000, 0.000000, 0.000000, 1.000000, 0.000000, 0, 
1.631649, 0.016857, 1, 1, 5.000000, 14.164927, 0.000000, 8.333333, 0.000000, 0.000000, 5.000000, 0.000000, 0.000000, 1.000000, 0.000000, 0, 
1.648446, 0.016797, 0, 1, 5.000000, 2.468663, 0.000000, -1.666667, 0.000000, 0.000000, 10.000000, 0.000000, 0.000000, 1.000000, 0.000000, 0, 
1.648446, 0.016797, 1, 1, 5.000000, 14.304902, 0.000000, 8.333333, 0.000000, 0.000000, 5.000000, 0.000000, 0.000000, 1.000000, 0.000000, 0, 
1.665246, 0.016800, 0, 1, 5.000000, 2.440663, 0.000000, -1.666667, 0.000000, 0.000000, 10.000000, 0.000000, 0.000000, 1.000000, 0.000000, 0, 
1.665246, 0.016800, 1, 1, 5.000000, 14.444902, 0.000000, 8.333333, 0.000000, 0.000000, 5.000000, 0.000000, 0.000000, 1.000000, 0.000000, 0, 
1.683275, 0.018029, 0, 1, 5.000000, 2.410615, 0.000000, -1.666667, 0.000000, 0.000000, 10.000000, 0.000000, 0.000000, 1.000000, 0.000000, 0, 
1.683275, 0.018029, 1, 1, 5.000000, 14.595144, 0.000000, 8.333333, 0.000000, 0.000000, 5.000000, 0.000000, 0.000000, 1.000000, 0.000000, 0, 
1.700298, 0.017023, 0, 1, 5.000000, 2.382243, 0.000000, -1.666667, 0.000000, 0.000000, 10.000000, 0.000000, 0.000000, 1.000000, 0.000000, 0, 
1.700298, 0.017023, 1, 1, 5.000000, 14.737002, 0.000000, 8.333333, 0.000000, 0.000000, 5.000000, 0.000000, 0.000000, 1.000000, 0.000000, 0, 
1.717289, 0.016991, 0, 1, 5.000000, 2.353925, 0.000000, -1.666667, 0.000000, 0.000000, 10.000000, 0.000000, 0.000000, 1.000000, 0.000000, 0, 
1.717289, 0.016991, 1, 1, 5.000000, 14.878594, 0.000000, 8.333333, 0.000000, 0.000000, 5.000000, 0.000000, 0.000000, 1.000000, 0.000000, 0, 
1.735271, 0.017982, 0, 1, 5.000000, 2.323955, 0.000000, -1.666667, 0.000000, 0.000000, 10.000000, 0.000000, 0.000000, 1.000000, 0.000000, 0, 
1.735271, 0.017982, 1, 1, 5.000000, 15.028444, 0.000000, 8.333333, 0.000000, 0.000000, 5.000000, 0.000000, 0.000000, 1.000000, 0.000000, 0, 
1.752053, 0.016782, 0, 1, 5.000000, 2.295985, 0.000000, -1.666667, 0.000000, 0.000000, 10.000000, 0.000000, 0.000000, 1.000000, 0.000000, 0, 
1.752053, 0.016782, 1, 1, 5.000000, 15.168294, 0.000000, 8.333333, 0.000000, 0.000000, 5.000000, 0.000000, 0.000000, 1.000000, 0.000000, 0, 
1.770382, 0.018329, 0, 1, 5.000000, 2.265436, 0.000000, -1.666667, 0.000000, 0.000000, 10.000000, 0.000000, 0.000000, 1.000000, 0.000000, 0, 
1.770382, 0.018329, 1, 1, 5.000000, 15.321035, 0.000000, 8.333333, 0.000000, 0.000000, 5.000000, 0.000000, 0.000000, 1.000000, 0.000000, 0, 
1.787054, 0.016672, 0, 1, 5.000000, 2.237650, 0.000000, -1.666667, 0.000000, 0.000000, 10.000000, 0.000000, 0.000000, 1.000000, 0.000000, 0, 
1.787054, 0.016672, 1, 1, 5.000000, 15.459969, 0.000000, 8.333333, 0.000000, 0.000000, 5.000000, 0.000000, 0.000000, 1.000000, 0.000000, 0, 
1.803870, 0.016816, 0, 1, 5.000000, 2.209623, 0.000000, -1.666667, 0.000000, 0.000000, 10.000000, 0.000000, 0.000000, 1.000000, 0.000000, 0, 
1.803870, 0.016816, 1, 1, 5.000000, 15.600101, 0.000000, 8.333333, 0.000000, 0.000000, 5.000000, 0.000000, 0.000000, 1.000000, 0.000000, 0, 
1.820634, 0.016764, 0, 1, 5.000000, 2.181683, 0.000000, -1.666667, 0.000000, 0.000000, 10.000000, 0.000000, 0.000000, 1.000000, 0.000000, 0, 
1.820634, 0.016764, 1, 1, 5.000000, 15.739801, 0.000000, 8.333333, 0.000000, 0.000000, 5.000000, 0.000000, 0.000000, 1.000000, 0.000000, 0, 
1.837611, 0.016977, 0, 1, 5.000000, 2.153388, 0.000000, -1.666667, 0.000000, 0.000000, 10.000000, 0.000000, 0.000000, 1.000000, 0.000000, 0, 
1.837611, 0.016977, 1, 1, 5.000000, 15.881276, 0.000000, 8.333333, 0.000000, 0.000000, 5.000000, 0.000000, 0.000000, 1.000000, 0.000000, 0, 
1.855482, 0.017871, 0, 1, 5.000000, 2.123603, 0.000000, -1.666667, 0.000000, 0.000000, 10.000000, 0.000000, 0.000000, 1.000000, 0.000000, 0, 
1.855482, 0.017871, 1, 1, 5.000000, 16.030201, 0.000000, 8.333333, 0.000000, 0.000000, 5.000000, 0.000000, 0.000000, 1.000000, 0.000000, 0, 
1.872544, 0.017062, 0, 1, 5.000000, 2.095166, 0.000000, -1.666667, 0.000000, 0.000000, 10.000000, 0.000000, 0.000000, 1.000000, 0.000000, 0, 
1.872544, 0.017062, 1, 1, 5.000000, 16.172384, 0.000000, 8.333333, 0.000000, 0.000000, 5.000000, 0.000000, 0.000000, 1.000000, 0.000000, 0, 
1.889551, 0.017007, 0, 1, 5.000000, 2.066821, 0.000000, -1.666667, 0.000000, 0.000000, 10.000000, 0.000000, 0.000000, 1.000000, 0.000000, 0, 
1.889551, 0.017007, 1, 1, 5.000000, 16.314110, 0.000000, 8.333333, 0.000000, 0.000000, 5.000000, 0.000000, 0.000000, 1.000000, 0.000000, 0, 
1.907435, 0.017884, 0, 1, 5.000000, 2.037015, 0.000000, -1.666667, 0.000000, 0.000000, 10.000000, 0.000000, 0.000000, 1.000000, 0.000000, 0, 
1.907435, 0.017884, 1, 1, 5.000000, 16.463142, 0.000000, 8.333333, 0.000000, 0.000000, 5.000000, 0.000000, 0.000000, 1.000000, 0.000000, 0, 
1.924437, 0.017002, 0, 1, 5.000000, 2.008678, 0.000000, -1.666667, 0.000000, 0.000000, 10.000000, 0.000000, 0.000000, 1.000000, 0.000000, 0, 
1.924437, 0.017002, 1, 1, 5.000000, 16.604826, 0.000000, 8.333333, 0.000000, 0.000000, 5.000000, 0.000000, 0.000000, 1.000000, 0.000000, 0, 
1.941462, 0.017025, 0, 1, 5.000000, 1.980303, 0.000000, -1.666667, 0.000000, 0.000000, 10.000000, 0.000000, 0.000000, 1.000000, 0.000000, 0, 
1.941462, 0.017025, 1, 1, 5.000000, 16.746700, 0.000000, 8.333333, 0.000000, 0.000000, 5.000000, 0.000000, 0.000000, 1.000000, 0.000000, 0, 
1.958131, 0.016669, 0, 1, 5.000000, 1.952521, 0.000000, -1.666667, 0.000000, 0.000000, 10.000000, 0.000000, 0.000000, 1.000000, 0.000000, 0, 
1.958131, 0.016669, 1, 1, 5.000000, 16.885609, 0.000000, 8.333333, 0.000000, 0.000000, 5.000000, 0.000000, 0.000000, 1.000000, 0.000000, 0, 
1.975491, 0.017360, 0, 1, 5.000000, 1.923588, 0.000000, -1.666667, 0.000000, 0.000000, 10.000000, 0.000000, 0.000000, 1.000000, 0.000000, 0, 
1.975491, 0.017360, 1, 1, 5.000000, 17.030275, 0.000000, 8.333333, 0.000000, 0.000000, 5.000000, 0.000000, 0.000000, 1.000000, 0.000000, 0, 
1.992569, 0.017078, 0, 1, 5.000000, 1.895125, 0.000000, -1.666667, 0.000000, 0.000000, 10.000000, 0.000000, 0.000000, 1.000000, 0.000000, 0, 
1.992569, 0.017078, 1, 1, 5.000000, 17.172592, 0.000000, 8.333333, 0.000000, 0.000000, 5.000000, 0.000000, 0.000000, 1.000000, 0.000000, 0, 
2.010044, 0.017475, 0, 1, 5.000000, 1.866000, 0.000000, -1.666667, 0.000000, 0.000000, 10.000000, 0.000000, 0.000000, 1.000000, 0.000000, 0, 
2.010044, 0.017475, 1, 1, 5.000000, 17.318216, 0.000000, 8.333333, 0.000000, 0.000000, 5.000000, 0.000000, 0.000000, 1.000000, 0.000000, 0, 
2.028076, 0.018032, 0, 1, 5.000000, 1.835946, 0.000000, -1.666667, 0.000000, 0.000000, 10.000000, 0.000000, 0.000000, 1.000000, 0.000000, 0, 
2.028076, 0.018032, 1, 1, 5.000000, 17.468483, 0.000000, 8.333333, 0.000000, 0.000000, 5.000000, 0.000000, 0.000000, 1.000000, 0.000000, 0, 
2.045137, 0.017061, 0, 1, 5.000000, 1.807511, 0.000000, -1.666667, 0.000000, 0.000000, 10.000000, 0.000000, 0.000000, 1.000000, 0.000000, 0, 
2.045137, 0.017061, 1, 1, 5.000000, 17.610659, 0.000000, 8.333333, 0.000000, 0.000000, 5.000000, 0.000000, 0.000000, 1.000000, 0.000000, 0, 
2.063395, 0.018258, 0, 1, 5.000000, 1.777081, 0.000000, -1.666667, 0.000000, 0.000000, 10.000000, 0.000000, 0.000000, 1.000000, 0.000000, 0, 
2.063395, 0.018258, 1, 1, 5.000000, 17.762808, 0.000000, 8.333333, 0.000000, 0.000000, 5.000000, 0.000000, 0.000000, 1.000000, 0.000000, 0, 
2.080673, 0.017278, 0, 1, 5.000000, 1.748285, 0.000000, -1.666667, 0.000000, 0.000000, 10.000000, 0.000000, 0.000000, 1.000000, 0.000000, 0, 
2.080673, 0.017278, 1, 1, 5.000000, 17.906792, 0.000000, 8.333333, 0.000000, 0.000000, 5.000000, 0.000000, 0.000000, 1.000000, 0.000000, 0, 
2.097740, 0.017067, 0, 1, 5.000000, 1.719840, 0.000000, -1.666667, 0.000000, 0.000000, 10.000000, 0.000000, 0.000000, 1.000000, 0.000000, 0, 
2.097740, 0.017067, 1, 1, 5.000000, 18.049017, 0.000000, 8.333333, 0.000000, 0.000000, 5.000000, 0.000000, 0.000000, 1.000000, 0.000000, 0, 
2.114409, 0.016669, 0, 1, 5.000000, 1.692058, 0.000000, -1.666667, 0.000000, 0.000000, 10.000000, 0.000000, 0.000000, 1.000000, 0.000000, 0, 
2.114409, 0.016669, 1, 1, 5.000000, 18.187925, 0.000000, 8.333333, 0.000000, 0.000000, 5.000000, 0.000000, 0.000000, 1.000000, 0.000000, 0, 
2.132027, 0.017618, 0, 1, 5.000000, 1.662695, 0.000000, -1.666667, 0.000000, 0.000000, 10.000000, 0.000000, 0.000000, 1.000000, 0.000000, 0, 
2.132027, 0.017618, 1, 1, 5.000000, 18.334742, 0.000000, 8.333333, 0.000000, 0.000000, 5.000000, 0.000000, 0.000000, 1.000000, 0.000000, 0, 
2.149679, 0.017652, 0, 1, 5.000000, 1.633275, 0.000000, -1.666667, 0.000000, 0.000000, 10.000000, 0.000000, 0.000000, 1.000000, 0.000000, 0, 
2.149679, 0.017652, 1, 1, 5.000000, 18.481842, 0.000000, 8.333333, 0.000000, 0.000000, 5.000000, 0.000000, 0.000000, 1.000000, 0.000000, 0, 
2.166894, 0.017215, 0, 1, 5.000000, 1.604583, 0.000000, -1.666667, 0.000000, 0.000000, 10.000000, 0.000000, 0.000000, 1.000000, 0.000000, 0, 
2.166894, 0.017215, 1, 1, 5.000000, 18.625299, 0.000000, 8.333333, 0.000000, 0.000000, 5.000000, 0.000000, 0.000000, 1.000000, 0.000000, 0, 
2.184165, 0.017271, 0, 1, 5.000000, 1.575798, 0.000000, -1.666667, 0.000000, 0.000000, 10.000000, 0.000000, 0.000000, 1.000000, 0.000000, 0, 
2.184165, 0.017271, 1, 1, 5.000000, 18.769224, 0.000000, 8.333333, 0.000000, 0.000000, 5.000000, 0.000000, 0.000000, 1.000000, 0.000000, 0, 
2.201665, 0.017500, 0, 1, 5.000000, 1.546631, 0.000000, -1.666667, 0.000000, 0.000000, 10.000000, 0.000000, 0.000000, 1.000000, 0.000000, 0, 
2.201665, 0.017500, 1, 1, 5.000000, 18.915058, 0.000000, 8.333333, 0.000000, 0.000000, 5.000000, 0.000000, 0.000000, 1.000000, 0.000000, 0, 
2.218860, 0.017195, 0, 1, 5.000000, 1.517973, 0.000000, -1.666667, 0.000000, 0.000000, 10.000000, 0.000000, 0.000000, 1.000000, 0.000000, 0, 
2.218860, 0.017195, 1, 1, 5.000000, 19.058350, 0.000000, 8.333333, 0.000000, 0.000000, 5.000000, 0.000000, 0.000000, 1.000000, 0.000000, 0, 
2.236054, 0.017194, 0, 1, 5.000000, 1.489316, 0.000000, -1.666667, 0.000000, 0.000000, 10.000000, 0.000000, 0.000000, 1.000000, 0.000000, 0, 
2.236054, 0.017194, 1, 1, 5.000000, 19.201633, 0.000000, 8.333333, 0.000000, 0.000000, 5.000000, 0.000000, 0.000000, 1.000000, 0.000000, 0, 
2.253929, 0.017875, 0, 1, 5.000000, 1.459525, 0.000000, -1.666667, 0.000000, 0.000000, 10.000000, 0.000000, 0.000000, 1.000000, 0.000000, 0, 
2.253929, 0.017875, 1, 1, 5.000000, 19.350592, 0.000000, 8.333333, 0.000000, 0.000000, 5.000000, 0.000000, 0.000000, 1.000000, 0.000000, 0, 
2.271193, 0.017264, 0, 1, 5.000000, 1.430751, 0.000000, -1.666667, 0.000000, 0.000000, 10.000000, 0.000000, 0.000000, 1.000000, 0.000000, 0, 
2.271193, 0.017264, 1, 1, 5.000000, 19.494459, 0.000000, 8.333333, 0.000000, 0.000000, 5.000000, 0.000000, 0.000000, 1.000000, 0.000000, 0, 
2.289432, 0.018239, 0, 1, 5.000000, 1.400353, 0.000000, -1.666667, 0.000000, 0.000000, 10.000000, 0.000000, 0.000000, 1.000000, 0.000000, 0, 
2.289432, 0.018239, 1, 1, 5.000000, 19.646450, 0.000000, 8.333333, 0.000000, 0.000000, 5.000000, 0.000000, 0.000000, 1.000000, 0.000000, 0, 
2.306780, 0.017348, 0, 1, 5.000000, 1.371439, 0.000000, -1.666667, 0.000000, 0.000000, 10.000000, 0.000000, 0.000000, 1.000000, 0.000000, 0, 
2.306780, 0.017348, 1, 1, 5.000000, 19.791018, 0.000000, 8.333333, 0.000000, 0.000000, 5.000000, 0.000000, 0.000000, 1.000000, 0.000000, 0, 
2.323552, 0.016772, 0, 1, 5.000000, 1.343486, 0.000000, -1.666667, 0.000000, 0.000000, 10.000000, 0.000000, 0.000000, 1.000000, 0.000000, 0, 
2.323552, 0.016772, 1, 1, 5.000000, 19.930784, 0.000000, 8.333333, 0.000000, 0.000000, 5.000000, 0.000000, 0.000000, 1.000000, 0.000000, 0, 
2.343903, 0.020351, 0, 1, 5.000000, 1.309568, 0.000000, -1.666667, 0.000000, 0.000000, 10.000000, 0.000000, 0.000000, 1.000000, 0.000000, 0, 
2.343903, 0.020351, 1, 1, 5.000000, 20.100376, 0.000000, 8.333333, 0.000000, 0.000000, 5.000000, 0.000000, 0.000000, 1.000000, 0.000000, 0, 
2.361430, 0.017527, 0, 1, 5.000000, 1.280356, 0.000000, -1.666667, 0.000000, 0.000000, 10.000000, 0.000000, 0.000000, 1.000000, 0.000000, 0, 
2.361430, 0.017527, 1, 1, 5.000000, 20.246435, 0.000000, 8.333333, 0.000000, 0.000000, 5.000000, 0.000000, 0.000000, 1.000000, 0.000000, 0, 
2.379694, 0.018264, 0, 1, 5.000000, 1.249916, 0.000000, -1.666667, 0.000000, 0.000000, 10.000000, 0.000000, 0.000000, 1.000000, 0.000000, 0, 
2.379694, 0.018264, 1, 1, 5.000000, 20.398636, 0.000000, 8.333333, 0.000000, 0.000000, 5.000000, 0.000000, 0.000000, 1.000000, 0.000000, 0, 
2.397011, 0.017317, 0, 1, 5.000000, 1.221054, 0.000000, -1.666667, 0.000000, 0.000000, 10.000000, 0.000000, 0.000000, 1.000000, 0.000000, 0, 
2.397011, 0.017317, 1, 1, 5.000000, 20.542944, 0.000000, 8.333333, 0.000000, 0.000000, 5.000000, 0.000000, 0.000000, 1.000000, 0.000000, 0, 
2.414226, 0.017215, 0, 1, 5.000000, 1.192363, 0.000000, -1.666667, 0.000000, 0.000000, 10.000000, 0.000000, 0.000000, 1.000000, 0.000000, 0, 
2.414226, 0.017215, 1, 1, 5.000000, 20.686401, 0.000000, 8.333333, 0.000000, 0.000000, 5.000000, 0.000000, 0.000000, 1.000000, 0.000000, 0, 
2.431727, 0.017501, 0, 1, 5.000000, 1.163194, 0.000000, -1.666667, 0.000000, 0.000000, 10.000000, 0.000000, 0.000000, 1.000000, 0.000000, 0, 
2.431727, 0.017501, 1, 1, 5.000000, 20.832243, 0.000000, 8.333333, 0.000000, 0.000000, 5.000000, 0.000000, 0.000000, 1.000000, 0.000000, 0, 
2.449989, 0.018262, 0, 1, 5.000000, 1.132758, 0.000000, -1.666667, 0.000000, 0.000000, 10.000000, 0.000000, 0.000000, 1.000000, 0.000000, 0, 
2.449989, 0.018262, 1, 1, 5.000000, 20.984426, 0.000000, 8.333333, 0.000000, 0.000000, 5.000000, 0.000000, 0.000000, 1.000000, 0.000000, 0, 
2.467906, 0.017917, 0, 1, 5.000000, 1.102896, 0.000000, -1.666667, 0.000000, 0.000000, 10.000000, 0.000000, 0.000000, 1.000000, 0.000000, 0, 
2.467906, 0.017917, 1, 1, 5.000000, 21.133736, 0.000000, 8.333333, 0.000000, 0.000000, 5.000000, 0.000000, 0.000000, 1.000000, 0.000000, 0, 
2.485784, 0.017878, 0, 1, 5.000000, 1.073099, 0.000000, -1.666667, 0.000000, 0.000000, 10.000000, 0.000000, 0.000000, 1.000000, 0.000000, 0, 
2.485784, 0.017878, 1, 1, 5.000000, 21.282719, 0.000000, 8.333333, 0.000000, 0.000000, 5.000000, 0.000000, 0.000000, 1.000000, 0.000000, 0, 
2.502636, 0.016852, 0, 1, 5.000000, 1.045013, 0.000000, -1.666667, 0.000000, 0.000000, 10.000000, 0.000000, 0.000000, 1.000000, 0.000000, 0, 
2.502636, 0.016852, 1, 1, 5.000000, 21.423153, 0.000000, 8.333333, 0.000000, 0.000000, 5.000000, 0.000000, 0.000000, 1.000000, 0.000000, 0, 
2.520040, 0.017404, 0, 1, 5.000000, 1.016006, 0.000000, -1.666667, 0.000000, 0.000000, 10.000000, 0.000000, 0.000000, 1.000000, 0.000000, 0, 
2.520040, 0.017404, 1, 1, 5.000000, 21.568186, 0.000000, 8.333333, 0.000000, 0.000000, 5.000000, 0.000000, 0.000000, 1.000000, 0.000000, 0, 
2.537397, 0.017357, 0, 1, 5.000000, 0.987078, 0.000000, -1.666667, 0.000000, 0.000000, 10.000000, 0.000000, 0.000000, 1.000000, 0.000000, 0, 
2.537397, 0.017357, 1, 1, 5.000000, 21.712828, 0.000000, 8.333333, 0.000000, 0.000000, 5.000000, 0.000000, 0.000000, 1.000000, 0.000000, 0, 
2.554819, 0.017422, 0, 1, 5.000000, 0.958041, 0.000000, -1.666667, 0.000000, 0.000000, 10.000000, 0.000000, 0.000000, 1.000000, 0.000000, 0, 
2.554819, 0.017422, 1, 1, 5.000000, 21.858011, 0.000000, 8.333333, 0.000000, 0.000000, 5.000000, 0.000000, 0.000000, 1.000000, 0.000000, 0, 
2.572129, 0.017310, 0, 1, 5.000000, 0.929191, 0.000000, -1.666667, 0.000000, 0.000000, 10.000000, 0.000000, 0.000000, 1.000000, 0.000000, 0, 
2.572129, 0.017310, 1, 1, 5.000000, 22.002262, 0.000000, 8.333333, 0.000000, 0.000000, 5.000000, 0.000000, 0.000000, 1.000000, 0.000000, 0, 
2.589180, 0.017051, 0, 1, 5.000000, 0.900773, 0.000000, -1.666667, 0.000000, 0.000000, 10.000000, 0.000000, 0.000000, 1.000000, 0.000000, 0, 
2.589180, 0.017051, 1, 1, 5.000000, 22.144354, 0.000000, 8.333333, 0.000000, 0.000000, 5.000000, 0.000000, 0.000000, 1.000000, 0.000000, 0, 
2.606369, 0.017189, 0, 1, 5.000000, 0.872124, 0.000000, -1.666667, 0.000000, 0.000000, 10.000000, 0.000000, 0.000000, 1.000000, 0.000000, 0, 
2.606369, 0.017189, 1, 1, 5.000000, 22.287596, 0.000000, 8.333333, 0.000000, 0.000000, 5.000000, 0.000000, 0.000000, 1.000000, 0.000000, 0, 
2.624688, 0.018319, 0, 1, 5.000000, 0.841593, 0.000000, -1.666667, 0.000000, 0.000000, 10.000000, 0.000000, 0.000000, 1.000000, 0.000000, 0, 
2.624688, 0.018319, 1, 1, 5.000000, 22.440254, 0.000000, 8.333333, 0.000000, 0.000000, 5.000000, 0.000000, 0.000000, 1.000000, 0.000000, 0, 
2.642918, 0.018230, 0, 1, 5.000000, 0.811209, 0.000000, -1.666667, 0.000000, 0.000000, 10.000000, 0.000000, 0.000000, 1.000000, 0.000000, 0, 
2.642918, 0.018230, 1, 1, 5.000000, 22.592171, 0.000000, 8.333333, 0.000000, 0.000000, 5.000000, 0.000000, 0.000000, 1.000000, 0.000000, 0, 
2.660886, 0.017968, 0, 1, 5.000000, 0.781263, 0.000000, -1.666667, 0.000000, 0.000000, 10.000000, 0.000000, 0.000000, 1.000000, 0.000000, 0, 
2.660886, 0.017968, 1, 1, 5.000000, 22.741903, 0.000000, 8.333333, 0.000000, 0.000000, 5.000000, 0.000000, 0.000000, 1.000000, 0.000000, 0, 
2.678101, 0.017215, 0, 1, 5.000000, 0.752571, 0.000000, -1.666667, 0.000000, 0.000000, 10.000000, 0.000000, 0.000000, 1.000000, 0.000000, 0, 
2.678101, 0.017215, 1, 1, 5.000000, 22.885361, 0.000000, 8.333333, 0.000000, 0.000000, 5.000000, 0.000000, 0.000000, 1.000000, 0.000000, 0, 
2.695247, 0.017146, 0, 1, 5.000000, 0.723994, 0.000000, -1.666667, 0.000000, 0.000000, 10.000000, 0.000000, 0.000000, 1.000000, 0.000000, 0, 
2.695247, 0.017146, 1, 1, 5.000000, 23.028244, 0.000000, 8.333333, 0.000000, 0.000000, 5.000000, 0.000000, 0.000000, 1.000000, 0.000000, 0, 
2.712596, 0.017349, 0, 1, 5.000000, 0.695079, 0.000000, -1.666667, 0.000000, 0.000000, 10.000000, 0.000000, 0.000000, 1.000000, 0.000000, 0, 
2.712596, 0.017349, 1, 1, 5.000000, 23.172819, 0.000000, 8.333333, 0.000000, 0.000000, 5.000000, 0.000000, 0.000000, 1.000000, 0.000000, 0, 
2.729675, 0.017079, 0, 1, 5.000000, 0.666614, 0.000000, -1.666667, 0.000000, 0.000000, 10.000000, 0.000000, 0.000000, 1.000000, 0.000000, 0, 
2.729675, 0.017079, 1, 1, 5.000000, 23.315144, 0.000000, 8.333333, 0.000000, 0.000000, 5.000000, 0.000000, 0.000000, 1.000000, 0.000000, 0, 
2.747119, 0.017444, 0, 1, 5.000000, 0.637541, 0.000000, -1.666667, 0.000000, 0.000000, 10.000000, 0.000000, 0.000000, 1.000000, 0.000000, 0, 
2.747119, 0.017444, 1, 1, 5.000000, 23.460510, 0.000000, 8.333333, 0.000000, 0.000000, 5.000000, 0.000000, 0.000000, 1.000000, 0.000000, 0, 
2.764070, 0.016951, 0, 1, 5.000000, 0.609289, 0.000000, -1.666667, 0.000000, 0.000000, 10.000000, 0.000000, 0.000000, 1.000000, 0.000000, 0, 
2.764070, 0.016951, 1, 1, 5.000000, 23.601768, 0.000000, 8.333333, 0.000000, 0.000000, 5.000000, 0.000000, 0.000000, 1.000000, 0.000000, 0, 
2.781094, 0.017024, 0, 1, 5.000000, 0.580916, 0.000000, -1.666667, 0.000000, 0.000000, 10.000000, 0.000000, 0.000000, 1.000000, 0.000000, 0, 
2.781094, 0.017024, 1, 1, 5.000000, 23.743635, 0.000000, 8.333333, 0.000000, 0.000000, 5.000000, 0.000000, 0.000000, 1.000000, 0.000000, 0, 
2.798009, 0.016915, 0, 1, 5.000000, 0.552724, 0.000000, -1.666667, 0.000000, 0.000000, 10.000000, 0.000000, 0.000000, 1.000000, 0.000000, 0, 
2.798009, 0.016915, 1, 1, 5.000000, 23.884594, 0.000000, 8.333333, 0.000000, 0.000000, 5.000000, 0.000000, 0.000000, 1.000000, 0.000000, 0, 
2.816036, 0.018027, 0, 1, 5.000000, 0.522679, 0.000000, -1.666667, 0.000000, 0.000000, 10.000000, 0.000000, 0.000000, 1.000000, 0.000000, 0, 
2.816036, 0.018027, 1, 1, 5.000000, 24.034819, 0.000000, 8.333333, 0.000000, 0.000000, 5.000000, 0.000000, 0.000000, 1.000000, 0.000000, 0, 
2.833204, 0.017167, 0, 1, 5.000000, 0.494068, 0.000000, -1.666667, 0.000000, 0.000000, 10.000000, 0.000000, 0.000000, 1.000000, 0.000000, 0, 
2.833204, 0.017167, 1, 1, 5.000000, 24.177877, 0.000000, 8.333333, 0.000000, 0.000000, 5.000000, 0.000000, 0.000000, 1.000000, 0.000000, 0, 
2.850034, 0.016831, 0, 1, 5.000000, 0.466016, 0.000000, -1.666667, 0.000000, 0.000000, 10.000000, 0.000000, 0.000000, 1.000000, 0.000000, 0, 
2.850034, 0.016831, 1, 1, 5.000000, 24.318136, 0.000000, 8.333333, 0.000000, 0.000000, 5.000000, 0.000000, 0.000000, 1.000000, 0.000000, 0, 
2.866951, 0.016916, 0, 1, 5.000000, 0.437823, 0.000000, -1.666667, 0.000000, 0.000000, 10.000000, 0.000000, 0.000000, 1.000000, 0.000000, 0, 
2.866951, 0.016916, 1, 1, 5.000000, 24.459103, 0.000000, 8.333333, 0.000000, 0.000000, 5.000000, 0.000000, 0.000000, 1.000000, 0.000000, 0, 
2.884660, 0.017709, 0, 1, 5.000000, 0.408308, 0.000000, -1.666667, 0.000000, 0.000000, 10.000000, 0.000000, 0.000000, 1.000000, 0.000000, 0, 
2.884660, 0.017709, 1, 1, 5.000000, 24.606678, 0.000000, 8.333333, 0.000000, 0.000000, 5.000000, 0.000000, 0.000000, 1.000000, 0.000000, 0, 
2.902550, 0.017891, 0, 1, 5.000000, 0.378489, 0.000000, -1.666667, 0.000000, 0.000000, 10.000000, 0.000000, 0.000000, 1.000000, 0.000000, 0, 
2.902550, 0.017891, 1, 1, 5.000000, 24.755770, 0.000000, 8.333333, 0.000000, 0.000000, 5.000000, 0.000000, 0.000000, 1.000000, 0.000000, 0, 
2.919407, 0.016857, 0, 1, 5.000000, 0.350394, 0.000000, -1.666667, 0.000000, 0.000000, 10.000000, 0.000000, 0.000000, 1.000000, 0.000000, 0, 
2.919407, 0.016857, 1, 1, 5.000000, 24.896244, 0.000000, 8.333333, 0.000000, 0.000000, 5.000000, 0.000000, 0.000000, 1.000000, 0.000000, 0, 
2.936443, 0.017036, 0, 1, 5.000000, 0.322001, 0.000000, -1.666667, 0.000000, 0.000000, 10.000000, 0.000000, 0.000000, 1.000000, 0.000000, 0, 
2.936443, 0.017036, 1, 1, 5.000000, 25.038210, 0.000000, 8.333333, 0.000000, 0.000000, 5.000000, 0.000000, 0.000000, 1.000000, 0.000000, 0, 
2.953600, 0.017157, 0, 1, 5.000000, 0.293406, 0.000000, -1.666667, 0.000000, 0.000000, 10.000000, 0.000000, 0.000000, 1.000000, 0.000000, 0, 
2.953600, 0.017157, 1, 1, 5.000000, 25.181185, 0.000000, 8.333333, 0.000000, 0.000000, 5.000000, 0.000000, 0.000000, 1.000000, 0.000000, 0, 
2.970413, 0.016813, 0, 1, 5.000000, 0.265384, 0.000000, -1.666667, 0.000000, 0.000000, 10.000000, 0.000000, 0.000000, 1.000000, 0.000000, 0, 
2.970413, 0.016813, 1, 1, 5.000000, 25.321293, 0.000000, 8.333333, 0.000000, 0.000000, 5.000000, 0.000000, 0.000000, 1.000000, 0.000000, 0, 
2.987149, 0.016735, 0, 1, 5.000000, 0.237493, 0.000000, -1.666667, 0.000000, 0.000000, 10.000000, 0.000000, 0.000000, 1.000000, 0.000000, 0, 
2.987149, 0.016735, 1, 1, 5.000000, 25.460751, 0.000000, 8.333333, 0.000000, 0.000000, 5.000000, 0.000000, 0.000000, 1.000000, 0.000000, 0, 
3.004070, 0.016921, 0, 1, 5.000000, 0.209291, 0.000000, -1.666667, 0.000000, 0.000000, 10.000000, 0.000000, 0.000000, 1.000000, 0.000000, 0, 
3.004070, 0.016921, 1, 1, 5.000000, 25.601759, 0.000000, 8.333333, 0.000000, 0.000000, 5.000000, 0.000000, 0.000000, 1.000000, 0.000000, 0, 
3.021122, 0.017053, 0, 1, 5.000000, 0.180869, 0.000000, -1.666667, 0.000000, 0.000000, 10.000000, 0.000000, 0.000000, 1.000000, 0.000000, 0, 
3.021122, 0.017053, 1, 1, 5.000000, 25.743868, 0.000000, 8.333333, 0.000000, 0.000000, 5.000000, 0.000000, 0.000000, 1.000000, 0.000000, 0, 
3.037977, 0.016854, 0, 1, 5.000000, 0.152779, 0.000000, -1.666667, 0.000000, 0.000000, 10.000000, 0.000000, 0.000000, 1.000000, 0.000000, 0, 
3.037977, 0.016854, 1, 1, 5.000000, 25.884317, 0.000000, 8.333333, 0.000000, 0.000000, 5.000000, 0.000000, 0.000000, 1.000000, 0.000000, 0, 
3.054864, 0.016888, 0, 1, 5.000000, 0.124633, 0.000000, -1.666667, 0.000000, 0.000000, 10.000000, 0.000000, 0.000000, 1.000000, 0.000000, 0, 
3.054864, 0.016888, 1, 1, 5.000000, 26.025051, 0.000000, 8.333333, 0.000000, 0.000000, 5.000000, 0.000000, 0.000000, 1.000000, 0.000000, 0, 
3.071699, 0.016835, 0, 1, 5.000000, 0.096574, 0.000000, -1.666667, 0.000000, 0.000000, 10.000000, 0.000000, 0.000000, 1.000000, 0.000000, 0, 
3.071699, 0.016835, 1, 1, 5.000000, 26.165342, 0.000000, 8.333333, 0.000000, 0.000000, 5.000000, 0.000000, 0.000000, 1.000000, 0.000000, 0, 
3.088538, 0.016839, 0, 1, 5.000000, 0.068509, 0.000000, -1.666667, 0.000000, 0.000000, 10.000000, 0.000000, 0.000000, 1.000000, 0.000000, 0, 
3.088538, 0.016839, 1, 1, 5.000000, 26.305668, 0.000000, 8.333333, 0.000000, 0.000000, 5.000000, 0.000000, 0.000000, 1.000000, 0.000000, 0, 
3.105614, 0.017076, 0, 1, 5.000000, 0.040049, 0.000000, -1.666667, 0.000000, 0.000000, 10.000000, 0.000000, 0.000000, 1.000000, 0.000000, 0, 
3.105614, 0.017076, 1, 1, 5.000000, 26.447968, 0.000000, 8.333333, 0.000000, 0.000000, 5.000000, 0.000000, 0.000000, 1.000000, 0.000000, 0, 
3.122665, 0.017051, 0, 1, 5.000000, 0.011631, 0.000000, -1.666667, 0.000000, 0.000000, 10.000000, 0.000000, 0.000000, 1.000000, 0.000000, 0, 
3.122665, 0.017051, 1, 1, 5.000000, 26.590059, 0.000000, 8.333333, 0.000000, 0.000000, 5.000000, 0.000000, 0.000000, 1.000000, 0.000000, 0, 
3.139923, 0.017258, 0, 1, 5.000000, -0.017132, 0.000000, -1.666667, 0.000000, 0.000000, 10.000000, 0.000000, 0.000000, 1.000000, 0.000000, 0, 
3.139923, 0.017258, 1, 1, 5.000000, 26.733875, 0.000000, 8.333333, 0.000000, 0.000000, 5.000000, 0.000000, 0.000000, 1.000000, 0.000000, 0, 
3.158038, 0.018115, 0, 1, 5.000000, -0.047324, 0.000000, -1.666667, 0.000000, 0.000000, 10.000000, 0.000000, 0.000000, 1.000000, 0.000000, 0, 
3.158038, 0.018115, 1, 1, 5.000000, 26.884834, 0.000000, 8.333333, 0.000000, 0.000000, 5.000000, 0.000000, 0.000000, 1.000000, 0.000000, 0, 
3.174845, 0.016807, 0, 1, 5.000000, -0.075336, 0.000000, -1.666667, 0.000000, 0.000000, 10.000000, 0.000000, 0.000000, 1.000000, 0.000000, 0, 
3.174845, 0.016807, 1, 1, 5.000000, 27.024893, 0.000000, 8.333333, 0.000000, 0.000000, 5.000000, 0.000000, 0.000000, 1.000000, 0.000000, 0, 
3.191767, 0.016922, 0, 1, 5.000000, -0.103539, 0.000000, -1.666667, 0.000000, 0.000000, 10.000000, 0.000000, 0.000000, 1.000000, 0.000000, 0, 
3.191767, 0.016922, 1, 1, 5.000000, 27.165909, 0.000000, 8.333333, 0.000000, 0.000000, 5.000000, 0.000000, 0.000000, 1.000000, 0.000000, 0, 
3.208554, 0.016786, 0, 1, 5.000000, -0.131516, 0.000000, -1.666667, 0.000000, 0.000000, 10.000000, 0.000000, 0.000000, 1.000000, 0.000000, 0, 
3.208554, 0.016786, 1, 1, 5.000000, 27.305792, 0.000000, 8.333333, 0.000000, 0.000000, 5.000000, 0.000000, 0.000000, 1.000000, 0.000000, 0, 
3.225682, 0.017129, 0, 1, 5.000000, -0.160064, 0.000000, -1.666667, 0.000000, 0.000000, 10.000000, 0.000000, 0.000000, 1.000000, 0.000000, 0, 
3.225682, 0.017129, 1, 1, 5.000000, 27.448534, 0.000000, 8.333333, 0.000000, 0.000000, 5.000000, 0.000000, 0.000000, 1.000000, 0.000000, 0, 
3.242625, 0.016942, 0, 1, 5.000000, -0.188301, 0.000000, -1.666667, 0.000000, 0.000000, 10.000000, 0.000000, 0.000000, 1.000000, 0.000000, 0, 
3.242625, 0.016942, 1, 1, 5.000000, 27.589718, 0.000000, 8.333333, 0.000000, 0.000000, 5.000000, 0.000000, 0.000000, 1.000000, 0.000000, 0, 
3.259385, 0.016760, 0, 1, 5.000000, -0.216234, 0.000000, -1.666667, 0.000000, 0.000000, 10.000000, 0.000000, 0.000000, 1.000000, 0.000000, 0, 
3.259385, 0.016760, 1, 1, 5.000000, 27.729385, 0.000000, 8.333333, 0.000000, 0.000000, 5.000000, 0.000000, 0.000000, 1.000000, 0.000000, 0, 
3.276337, 0.016952, 0, 1, 5.000000, -0.244487, 0.000000, -1.666667, 0.000000, 0.000000, 10.000000, 0.000000, 0.000000, 1.000000, 0.000000, 0, 
3.276337, 0.016952, 1, 1, 5.000000, 27.870651, 0.000000, 8.333333, 0.000000, 0.000000, 5.000000, 0.000000, 0.000000, 1.000000, 0.000000, 0, 
3.293247, 0.016910, 0, 1, 5.000000, -0.272671, 0.000000, -1.666667, 0.000000, 0.000000, 10.000000, 0.000000, 0.000000, 1.000000, 0.000000, 0, 
3.293247, 0.016910, 1, 1, 5.000000, 28.011568, 0.000000, 8.333333, 0.000000, 0.000000, 5.000000, 0.000000, 0.000000, 1.000000, 0.000000, 0, 
3.310122, 0.016875, 0, 1, 5.000000, -0.300796, 0.000000, -1.666667, 0.000000, 0.000000, 10.000000, 0.000000, 0.000000, 1.000000, 0.000000, 0, 
3.310122, 0.016875, 1, 1, 5.000000, 28.152193, 0.000000, 8.333333, 0.000000, 0.000000, 5.000000, 0.000000, 0.000000, 1.000000, 0.000000, 0, 
3.326944, 0.016822, 0, 1, 5.000000, -0.328832, 0.000000, -1.666667, 0.000000, 0.000000, 10.000000, 0.000000, 0.000000, 1.000000, 0.000000, 0, 
3.326944, 0.016822, 1, 1, 5.000000, 28.292376, 0.000000, 8.333333, 0.000000, 0.000000, 5.000000, 0.000000, 0.000000, 1.000000, 0.000000, 0, 
3.344063, 0.017119, 0, 1, 5.000000, -0.357364, 0.000000, -1.666667, 0.000000, 0.000000, 10.000000, 0.000000, 0.000000, 1.000000, 0.000000, 0, 
3.344063, 0.017119, 1, 1, 5.000000, 28.435034, 0.000000, 8.333333, 0.000000, 0.000000, 5.000000, 0.000000, 0.000000, 1.000000, 0.000000, 0, 
3.362184, 0.018121, 0, 1, 5.000000, -0.387566, 0.000000, -1.666667, 0.000000, 0.000000, 10.000000, 0.000000, 0.000000, 1.000000, 0.000000, 0, 
3.362184, 0.018121, 1, 1, 5.000000, 28.586042, 0.000000, 8.333333, 0.000000, 0.000000, 5.000000, 0.000000, 0.000000, 1.000000, 0.000000, 0, 
3.379399, 0.017215, 0, 1, 5.000000, -0.416257, 0.000000, -1.666667, 0.000000, 0.000000, 10.000000, 0.000000, 0.000000, 1.000000, 0.000000, 0, 
3.379399, 0.017215, 1, 1, 5.000000, 28.729500, 0.000000, 8.333333, 0.000000, 0.000000, 5.000000, 0.000000, 0.000000, 1.000000, 0.000000, 0, 
3.396276, 0.016877, 0, 1, 5.000000, -0.444386, 0.000000, -1.666667, 0.000000, 0.000000, 10.000000, 0.000000, 0.000000, 1.000000, 0.000000, 0, 
3.396276, 0.016877, 1, 1, 5.000000, 28.870142, 0.000000, 8.333333, 0.000000, 0.000000, 5.000000, 0.000000, 0.000000, 1.000000, 0.000000, 0, 
3.413297, 0.017021, 0, 1, 5.000000, -0.472754, 0.000000, -1.666667, 0.000000, 0.000000, 10.000000, 0.000000, 0.000000, 1.000000, 0.000000, 0, 
3.413297, 0.017021, 1, 1, 5.000000, 29.011984, 0.000000, 8.333333, 0.000000, 0.000000, 5.000000, 0.000000, 0.000000, 1.000000, 0.000000, 0, 
3.429963, 0.016666, 0, 1, 5.000000, -0.500531, 0.000000, -1.666667, 0.000000, 0.000000, 10.000000, 0.000000, 0.000000, 1.000000, 0.000000, 0, 
3.429963, 0.016666, 1, 1, 5.000000, 29.150867, 0.000000, 8.333333, 0.000000, 0.000000, 5.000000, 0.000000, 0.000000, 1.000000, 0.000000, 0, 
3.446629, 0.016666, 0, 1, 5.000000, -0.528307, 0.000000, -1.666667, 0.000000, 0.000000, 10.000000, 0.000000, 0.000000, 1.000000, 0.000000, 0, 
3.446629, 0.016666, 1, 1, 5.000000, 29.289751, 0.000000, 8.333333, 0.000000, 0.000000, 5.000000, 0.000000, 0.000000, 1.000000, 0.000000, 0, 
3.472527, 0.025898, 0, 1, 5.000000, -0.571471, 0.000000, -1.666667, 0.000000, 0.000000, 10.000000, 0.000000, 0.000000, 1.000000, 0.000000, 0, 
3.472527, 0.025898, 1, 1, 5.000000, 29.505568, 0.000000, 8.333333, 0.000000, 0.000000, 5.000000, 0.000000, 0.000000, 1.000000, 0.000000, 0, 
