GLOBALTIME, DELTATIME, ID, STATE, POS_x, POS_y, VEL_x, VEL_y, FR_x, FR_y, MASS, ROTATION(DEGREES), FRICTIONCOEF.., RESTITUTIONCOEF.., AIR DRAG COEF..,  use air resistance
0.016666, 0.016666, 0, 1, 10.000000, 14.997272, 0.000000, -0.163660, 0.000000, -98.199997, 10.000000, 45.000000, 0.500000, 0.500000, 0.500000, 0, 
0.016666, 0.016666, 1, 1, 15.000000, 14.997272, 0.000000, -0.163660, 0.000000, -98.199997, 10.000000, 45.000000, 0.500000, 0.500000, 0.500000, 0, 
0.016666, 0.016666, 2, 1, 12.166660, 15.163933, 10.000000, 9.836340, 0.000000, -98.199997, 10.000000, 45.000000, 0.500000, 0.500000, 0.500000, 0, 
0.016666, 0.016666, 3, 1, 18.000000, 19.997272, 0.000000, -0.163660, 0.000000, -98.199997, 10.000000, 45.000000, 0.500000, 0.500000, 0.500000, 0, 
0.033332, 0.016666, 0, 1, 10.000000, 14.991817, 0.000000, -0.327320, 0.000000, -98.199997, 10.000000, 45.000000, 0.500000, 0.500000, 0.500000, 0, 
0.033332, 0.016666, 1, 1, 15.000000, 14.991817, 0.000000, -0.327320, 0.000000, -98.199997, 10.000000, 45.000000, 0.500000, 0.500000, 0.500000, 0, 
0.033332, 0.016666, 2, 1, 12.333321, 15.325138, 10.000000, 9.672680, 0.000000, -98.199997, 10.000000, 45.000000, 0.500000, 0.500000, 0.500000, 0, 
0.033332, 0.016666, 3, 1, 18.000000, 19.991817, 0.000000, -0.327320, 0.000000, -98.199997, 10.000000, 45.000000, 0.500000, 0.500000, 0.500000, 0, 
0.049998, 0.016666, 0, 1, 10.000000, 14.983635, 0.000000, -0.490980, 0.000000, -98.199997, 10.000000, 45.000000, 0.500000, 0.500000, 0.500000, 0, 
0.049998, 0.016666, 1, 1, 15.000000, 14.983635, 0.000000, -0.490980, 0.000000, -98.199997, 10.000000, 45.000000, 0.500000, 0.500000, 0.500000, 0, 
0.049998, 0.016666, 2, 1, 12.499981, 15.483616, 10.000000, 9.509020, 0.000000, -98.199997, 10.000000, 45.000000, 0.500000, 0.500000, 0.500000, 0, 
0.049998, 0.016666, 3, 1, 18.000000, 19.983635, 0.000000, -0.490980, 0.000000, -98.199997, 10.000000, 45.000000, 0.500000, 0.500000, 0.500000, 0, 
0.066664, 0.016666, 0, 1, 10.000000, 14.972725, 0.000000, -0.654640, 0.000000, -98.199997, 10.000000, 45.000000, 0.500000, 0.500000, 0.500000, 0, 
0.066664, 0.016666, 1, 1, 15.000000, 14.972725, 0.000000, -0.654640, 0.000000, -98.199997, 10.000000, 45.000000, 0.500000, 0.500000, 0.500000, 0, 
0.066664, 0.016666, 2, 1, 12.666641, 15.639365, 10.000000, 9.345360, 0.000000, -98.199997, 10.000000, 45.000000, 0.500000, 0.500000, 0.500000, 0, 
0.066664, 0.016666, 3, 1, 18.000000, 19.972725, 0.000000, -0.654640, 0.000000, -98.199997, 10.000000, 45.000000, 0.500000, 0.500000, 0.500000, 0, 
0.083330, 0.016666, 0, 1, 10.000000, 14.959087, 0.000000, -0.818301, 0.000000, -98.199997, 10.000000, 45.000000, 0.500000, 0.500000, 0.500000, 0, 
0.083330, 0.016666, 1, 1, 15.000000, 14.959087, 0.000000, -0.818301, 0.000000, -98.199997, 10.000000, 45.000000, 0.500000, 0.500000, 0.500000, 0, 
0.083330, 0.016666, 2, 1, 12.833302, 15.792387, 10.000000, 9.181700, 0.000000, -98.199997, 10.000000, 45.000000, 0.500000, 0.500000, 0.500000, 0, 
0.083330, 0.016666, 3, 1, 18.000000, 19.959087, 0.000000, -0.818301, 0.000000, -98.199997, 10.000000, 45.000000, 0.500000, 0.500000, 0.500000, 0, 
0.099996, 0.016666, 0, 1, 10.000000, 14.942722, 0.000000, -0.981961, 0.000000, -98.199997, 10.000000, 45.000000, 0.500000, 0.500000, 0.500000, 0, 
0.099996, 0.016666, 1, 1, 15.000000, 14.942722, 0.000000, -0.981961, 0.000000, -98.199997, 10.000000, 45.000000, 0.500000, 0.500000, 0.500000, 0, 
0.099996, 0.016666, 2, 1, 12.999962, 15.942681, 10.000000, 9.018040, 0.000000, -98.199997, 10.000000, 45.000000, 0.500000, 0.500000, 0.500000, 0, 
0.099996, 0.016666, 3, 1, 18.000000, 19.942722, 0.000000, -0.981961, 0.000000, -98.199997, 10.000000, 45.000000, 0.500000, 0.500000, 0.500000, 0, 
0.116662, 0.016666, 0, 1, 10.000000, 14.923630, 0.000000, -1.145621, 0.000000, -98.199997, 10.000000, 45.000000, 0.500000, 0.500000, 0.500000, 0, 
0.116662, 0.016666, 1, 1, 15.000000, 14.923630, 0.000000, -1.145621, 0.000000, -98.199997, 10.000000, 45.000000, 0.500000, 0.500000, 0.500000, 0, 
0.116662, 0.016666, 2, 1, 13.166622, 16.090248, 10.000000, 8.854380, 0.000000, -98.199997, 10.000000, 45.000000, 0.500000, 0.500000, 0.500000, 0, 
0.116662, 0.016666, 3, 1, 18.000000, 19.923630, 0.000000, -1.145621, 0.000000, -98.199997, 10.000000, 45.000000, 0.500000, 0.500000, 0.500000, 0, 
0.133328, 0.016666, 0, 1, 10.000000, 14.901810, 0.000000, -1.309281, 0.000000, -98.199997, 10.000000, 45.000000, 0.500000, 0.500000, 0.500000, 0, 
0.133328, 0.016666, 1, 1, 15.000000, 14.901810, 0.000000, -1.309281, 0.000000, -98.199997, 10.000000, 45.000000, 0.500000, 0.500000, 0.500000, 0, 
0.133328, 0.016666, 2, 1, 13.333282, 16.235088, 10.000000, 8.690720, 0.000000, -98.199997, 10.000000, 45.000000, 0.500000, 0.500000, 0.500000, 0, 
0.133328, 0.016666, 3, 1, 18.000000, 19.901810, 0.000000, -1.309281, 0.000000, -98.199997, 10.000000, 45.000000, 0.500000, 0.500000, 0.500000, 0, 
0.163563, 0.030235, 0, 1, 10.000000, 14.853247, 0.000000, -1.606189, 0.000000, -98.199997, 10.000000, 45.000000, 0.500000, 0.500000, 0.500000, 0, 
0.163563, 0.030235, 1, 1, 15.000000, 14.853247, 0.000000, -1.606189, 0.000000, -98.199997, 10.000000, 45.000000, 0.500000, 0.500000, 0.500000, 0, 
0.163563, 0.030235, 2, 1, 13.635633, 16.488874, 10.000000, 8.393812, 0.000000, -98.199997, 10.000000, 45.000000, 0.500000, 0.500000, 0.500000, 0, 
0.163563, 0.030235, 3, 1, 18.000000, 19.853247, 0.000000, -1.606189, 0.000000, -98.199997, 10.000000, 45.000000, 0.500000, 0.500000, 0.500000, 0, 
0.182851, 0.019288, 0, 1, 10.000000, 14.818613, 0.000000, -1.795597, 0.000000, -98.199997, 10.000000, 45.000000, 0.500000, 0.500000, 0.500000, 0, 
0.182851, 0.019288, 1, 1, 15.000000, 14.818613, 0.000000, -1.795597, 0.000000, -98.199997, 10.000000, 45.000000, 0.500000, 0.500000, 0.500000, 0, 
0.182851, 0.019288, 2, 1, 13.828512, 16.647121, 10.000000, 8.204404, 0.000000, -98.199997, 10.000000, 45.000000, 0.500000, 0.500000, 0.500000, 0, 
0.182851, 0.019288, 3, 1, 18.000000, 19.818613, 0.000000, -1.795597, 0.000000, -98.199997, 10.000000, 45.000000, 0.500000, 0.500000, 0.500000, 0, 
0.200525, 0.017674, 0, 1, 10.000000, 14.783811, 0.000000, -1.969156, 0.000000, -98.199997, 10.000000, 45.000000, 0.500000, 0.500000, 0.500000, 0, 
0.200525, 0.017674, 1, 1, 15.000000, 14.783811, 0.000000, -1.969156, 0.000000, -98.199997, 10.000000, 45.000000, 0.500000, 0.500000, 0.500000, 0, 
0.200525, 0.017674, 2, 1, 14.005252, 16.789059, 10.000000, 8.030846, 0.000000, -98.199997, 10.000000, 45.000000, 0.500000, 0.500000, 0.500000, 0, 
0.200525, 0.017674, 3, 1, 18.000000, 19.783810, 0.000000, -1.969156, 0.000000, -98.199997, 10.000000, 45.000000, 0.500000, 0.500000, 0.500000, 0, 
0.218767, 0.018242, 0, 1, 10.000000, 14.744621, 0.000000, -2.148292, 0.000000, -98.199997, 10.000000, 45.000000, 0.500000, 0.500000, 0.500000, 0, 
0.218767, 0.018242, 1, 1, 15.000000, 14.744621, 0.000000, -2.148292, 0.000000, -98.199997, 10.000000, 45.000000, 0.500000, 0.500000, 0.500000, 0, 
0.218767, 0.018242, 2, 1, 14.187672, 16.932289, 10.000000, 7.851709, 0.000000, -98.199997, 10.000000, 45.000000, 0.500000, 0.500000, 0.500000, 0, 
0.218767, 0.018242, 3, 1, 18.000000, 19.744621, 0.000000, -2.148292, 0.000000, -98.199997, 10.000000, 45.000000, 0.500000, 0.500000, 0.500000, 0, 
0.237031, 0.018264, 0, 1, 10.000000, 14.702109, 0.000000, -2.327645, 0.000000, -98.199997, 10.000000, 45.000000, 0.500000, 0.500000, 0.500000, 0, 
0.237031, 0.018264, 1, 1, 15.000000, 14.702109, 0.000000, -2.327645, 0.000000, -98.199997, 10.000000, 45.000000, 0.500000, 0.500000, 0.500000, 0, 
0.237031, 0.018264, 2, 1, 14.370312, 17.072416, 10.000000, 7.672357, 0.000000, -98.199997, 10.000000, 45.000000, 0.500000, 0.500000, 0.500000, 0, 
0.237031, 0.018264, 3, 1, 18.000000, 19.702108, 0.000000, -2.327645, 0.000000, -98.199997, 10.000000, 45.000000, 0.500000, 0.500000, 0.500000, 0, 
0.255086, 0.018055, 0, 1, 10.000000, 14.656882, 0.000000, -2.504945, 0.000000, -98.199997, 10.000000, 45.000000, 0.500000, 0.500000, 0.500000, 0, 
0.255086, 0.018055, 1, 1, 15.000000, 14.656882, 0.000000, -2.504945, 0.000000, -98.199997, 10.000000, 45.000000, 0.500000, 0.500000, 0.500000, 0, 
0.255086, 0.018055, 2, 1, 14.550861, 17.207739, 10.000000, 7.495057, 0.000000, -98.199997, 10.000000, 45.000000, 0.500000, 0.500000, 0.500000, 0, 
0.255086, 0.018055, 3, 1, 18.000000, 19.656881, 0.000000, -2.504945, 0.000000, -98.199997, 10.000000, 45.000000, 0.500000, 0.500000, 0.500000, 0, 
0.273953, 0.018867, 0, 1, 10.000000, 14.606126, 0.000000, -2.690218, 0.000000, -98.199997, 10.000000, 45.000000, 0.500000, 0.500000, 0.500000, 0, 
0.273953, 0.018867, 1, 1, 15.000000, 14.606126, 0.000000, -2.690218, 0.000000, -98.199997, 10.000000, 45.000000, 0.500000, 0.500000, 0.500000, 0, 
0.273953, 0.018867, 2, 1, 14.739532, 17.345652, 10.000000, 7.309783, 0.000000, -98.199997, 10.000000, 45.000000, 0.500000, 0.500000, 0.500000, 0, 
0.273953, 0.018867, 3, 1, 18.000000, 19.606125, 0.000000, -2.690218, 0.000000, -98.199997, 10.000000, 45.000000, 0.500000, 0.500000, 0.500000, 0, 
0.292419, 0.018466, 0, 1, 10.000000, 14.553100, 0.000000, -2.871555, 0.000000, -98.199997, 10.000000, 45.000000, 0.500000, 0.500000, 0.500000, 0, 
0.292419, 0.018466, 1, 1, 15.000000, 14.553100, 0.000000, -2.871555, 0.000000, -98.199997, 10.000000, 45.000000, 0.500000, 0.500000, 0.500000, 0, 
0.292419, 0.018466, 2, 1, 14.924191, 17.477285, 10.000000, 7.128447, 0.000000, -98.199997, 10.000000, 45.000000, 0.500000, 0.500000, 0.500000, 0, 
0.292419, 0.018466, 3, 1, 18.000000, 19.553099, 0.000000, -2.871555, 0.000000, -98.199997, 10.000000, 45.000000, 0.500000, 0.500000, 0.500000, 0, 
0.310763, 0.018344, 0, 1, 10.000000, 14.497119, 0.000000, -3.051693, 0.000000, -98.199997, 10.000000, 45.000000, 0.500000, 0.500000, 0.500000, 0, 
0.310763, 0.018344, 1, 1, 15.000000, 14.497119, 0.000000, -3.051693, 0.000000, -98.199997, 10.000000, 45.000000, 0.500000, 0.500000, 0.500000, 0, 
0.310763, 0.018344, 2, 1, 15.107632, 17.604746, 10.000000, 6.948309, 0.000000, -98.199997, 10.000000, 45.000000, 0.500000, 0.500000, 0.500000, 0, 
0.310763, 0.018344, 3, 1, 18.000000, 19.497118, 0.000000, -3.051693, 0.000000, -98.199997, 10.000000, 45.000000, 0.500000, 0.500000, 0.500000, 0, 
0.328025, 0.017262, 0, 1, 10.000000, 14.441515, 0.000000, -3.221205, 0.000000, -98.199997, 10.000000, 45.000000, 0.500000, 0.500000, 0.500000, 0, 
0.328025, 0.017262, 1, 1, 15.000000, 14.441515, 0.000000, -3.221205, 0.000000, -98.199997, 10.000000, 45.000000, 0.500000, 0.500000, 0.500000, 0, 
0.328025, 0.017262, 2, 1, 15.280252, 17.721762, 10.000000, 6.778796, 0.000000, -98.199997, 10.000000, 45.000000, 0.500000, 0.500000, 0.500000, 0, 
0.328025, 0.017262, 3, 1, 18.000000, 19.441513, 0.000000, -3.221205, 0.000000, -98.199997, 10.000000, 45.000000, 0.500000, 0.500000, 0.500000, 0, 
0.346167, 0.018142, 0, 1, 10.000000, 14.379844, 0.000000, -3.399360, 0.000000, -98.199997, 10.000000, 45.000000, 0.500000, 0.500000, 0.500000, 0, 
0.346167, 0.018142, 1, 1, 15.000000, 14.379844, 0.000000, -3.399360, 0.000000, -98.199997, 10.000000, 45.000000, 0.500000, 0.500000, 0.500000, 0, 
0.346167, 0.018142, 2, 1, 15.461672, 17.841511, 10.000000, 6.600642, 0.000000, -98.199997, 10.000000, 45.000000, 0.500000, 0.500000, 0.500000, 0, 
0.346167, 0.018142, 3, 1, 18.000000, 19.379843, 0.000000, -3.399360, 0.000000, -98.199997, 10.000000, 45.000000, 0.500000, 0.500000, 0.500000, 0, 
0.364128, 0.017961, 0, 1, 10.000000, 14.315619, 0.000000, -3.575737, 0.000000, -98.199997, 10.000000, 45.000000, 0.500000, 0.500000, 0.500000, 0, 
0.364128, 0.017961, 1, 1, 15.000000, 14.315619, 0.000000, -3.575737, 0.000000, -98.199997, 10.000000, 45.000000, 0.500000, 0.500000, 0.500000, 0, 
0.364128, 0.017961, 2, 1, 15.641282, 17.956898, 10.000000, 6.424265, 0.000000, -98.199997, 10.000000, 45.000000, 0.500000, 0.500000, 0.500000, 0, 
0.364128, 0.017961, 3, 1, 18.000000, 19.315619, 0.000000, -3.575737, 0.000000, -98.199997, 10.000000, 45.000000, 0.500000, 0.500000, 0.500000, 0, 
0.381872, 0.017744, 0, 1, 10.000000, 14.249080, 0.000000, -3.749983, 0.000000, -98.199997, 10.000000, 45.000000, 0.500000, 0.500000, 0.500000, 0, 
0.381872, 0.017744, 1, 1, 15.000000, 14.249080, 0.000000, -3.749983, 0.000000, -98.199997, 10.000000, 45.000000, 0.500000, 0.500000, 0.500000, 0, 
0.381872, 0.017744, 2, 1, 15.818722, 18.067799, 10.000000, 6.250019, 0.000000, -98.199997, 10.000000, 45.000000, 0.500000, 0.500000, 0.500000, 0, 
0.381872, 0.017744, 3, 1, 18.000000, 19.249079, 0.000000, -3.749983, 0.000000, -98.199997, 10.000000, 45.000000, 0.500000, 0.500000, 0.500000, 0, 
0.399160, 0.017288, 0, 1, 10.000000, 14.181315, 0.000000, -3.919751, 0.000000, -98.199997, 10.000000, 45.000000, 0.500000, 0.500000, 0.500000, 0, 
0.399160, 0.017288, 1, 1, 15.000000, 14.181315, 0.000000, -3.919751, 0.000000, -98.199997, 10.000000, 45.000000, 0.500000, 0.500000, 0.500000, 0, 
0.399160, 0.017288, 2, 1, 15.991602, 18.172915, 10.000000, 6.080251, 0.000000, -98.199997, 10.000000, 45.000000, 0.500000, 0.500000, 0.500000, 0, 
0.399160, 0.017288, 3, 1, 18.000000, 19.181314, 0.000000, -3.919751, 0.000000, -98.199997, 10.000000, 45.000000, 0.500000, 0.500000, 0.500000, 0, 
0.417003, 0.017843, 0, 1, 10.000000, 14.108249, 0.000000, -4.094969, 0.000000, -98.199997, 10.000000, 45.000000, 0.500000, 0.500000, 0.500000, 0, 
0.417003, 0.017843, 1, 1, 15.000000, 14.108249, 0.000000, -4.094969, 0.000000, -98.199997, 10.000000, 45.000000, 0.500000, 0.500000, 0.500000, 0, 
0.417003, 0.017843, 2, 1, 16.170033, 18.278278, 10.000000, 5.905033, 0.000000, -98.199997, 10.000000, 45.000000, 0.500000, 0.500000, 0.500000, 0, 
0.417003, 0.017843, 3, 1, 18.000000, 19.108248, 0.000000, -4.094969, 0.000000, -98.199997, 10.000000, 45.000000, 0.500000, 0.500000, 0.500000, 0, 
0.435527, 0.018524, 0, 1, 10.000000, 14.029024, 0.000000, -4.276875, 0.000000, -98.199997, 10.000000, 45.000000, 0.500000, 0.500000, 0.500000, 0, 
0.435527, 0.018524, 1, 1, 15.000000, 14.029024, 0.000000, -4.276875, 0.000000, -98.199997, 10.000000, 45.000000, 0.500000, 0.500000, 0.500000, 0, 
0.435527, 0.018524, 2, 1, 16.355272, 18.384293, 10.000000, 5.723127, 0.000000, -98.199997, 10.000000, 45.000000, 0.500000, 0.500000, 0.500000, 0, 
0.435527, 0.018524, 3, 1, 18.000000, 19.029022, 0.000000, -4.276875, 0.000000, -98.199997, 10.000000, 45.000000, 0.500000, 0.500000, 0.500000, 0, 
0.453804, 0.018277, 0, 1, 10.000000, 13.947576, 0.000000, -4.456355, 0.000000, -98.199997, 10.000000, 45.000000, 0.500000, 0.500000, 0.500000, 0, 
0.453804, 0.018277, 1, 1, 15.000000, 13.947576, 0.000000, -4.456355, 0.000000, -98.199997, 10.000000, 45.000000, 0.500000, 0.500000, 0.500000, 0, 
0.453804, 0.018277, 2, 1, 16.538042, 18.485615, 10.000000, 5.543647, 0.000000, -98.199997, 10.000000, 45.000000, 0.500000, 0.500000, 0.500000, 0, 
0.453804, 0.018277, 3, 1, 18.000000, 18.947573, 0.000000, -4.456355, 0.000000, -98.199997, 10.000000, 45.000000, 0.500000, 0.500000, 0.500000, 0, 
0.472540, 0.018736, 0, 1, 10.000000, 13.860634, 0.000000, -4.640343, 0.000000, -98.199997, 10.000000, 45.000000, 0.500000, 0.500000, 0.500000, 0, 
0.472540, 0.018736, 1, 1, 15.000000, 13.860634, 0.000000, -4.640343, 0.000000, -98.199997, 10.000000, 45.000000, 0.500000, 0.500000, 0.500000, 0, 
0.472540, 0.018736, 2, 1, 16.725403, 18.586033, 10.000000, 5.359659, 0.000000, -98.199997, 10.000000, 45.000000, 0.500000, 0.500000, 0.500000, 0, 
0.472540, 0.018736, 3, 1, 18.000000, 18.860632, 0.000000, -4.640343, 0.000000, -98.199997, 10.000000, 45.000000, 0.500000, 0.500000, 0.500000, 0, 
0.489660, 0.017120, 0, 1, 10.000000, 13.778313, 0.000000, -4.808461, 0.000000, -98.199997, 10.000000, 45.000000, 0.500000, 0.500000, 0.500000, 0, 
0.489660, 0.017120, 1, 1, 15.000000, 13.778313, 0.000000, -4.808461, 0.000000, -98.199997, 10.000000, 45.000000, 0.500000, 0.500000, 0.500000, 0, 
0.489660, 0.017120, 2, 1, 16.635269, 18.379793, 2.955364, -2.763824, 122.750015, -122.749962, 10.000000, 45.000000, 0.500000, 0.500000, 0.500000, 0, 
0.489660, 0.017120, 3, 1, 18.261333, 19.046402, 7.044636, 2.418322, -122.750015, -73.650047, 10.000000, 45.000000, 0.500000, 0.500000, 0.500000, 0, 
0.507789, 0.018129, 0, 1, 10.000000, 13.687913, 0.000000, -4.986488, 0.000000, -98.199997, 10.000000, 45.000000, 0.500000, 0.500000, 0.500000, 0, 
0.507789, 0.018129, 1, 1, 15.000000, 13.687913, 0.000000, -4.986488, 0.000000, -98.199997, 10.000000, 45.000000, 0.500000, 0.500000, 0.500000, 0, 
0.507789, 0.018129, 2, 1, 16.688847, 18.326460, 2.955364, -2.941851, 0.000000, -98.199997, 10.000000, 45.000000, 0.500000, 0.500000, 0.500000, 0, 
0.507789, 0.018129, 3, 1, 18.389046, 19.087017, 7.044636, 2.240295, 0.000000, -98.199997, 10.000000, 45.000000, 0.500000, 0.500000, 0.500000, 0, 
0.526824, 0.019035, 0, 1, 10.000000, 13.589437, 0.000000, -5.173411, 0.000000, -98.199997, 10.000000, 45.000000, 0.500000, 0.500000, 0.500000, 0, 
0.526824, 0.019035, 1, 1, 15.000000, 13.589437, 0.000000, -5.173411, 0.000000, -98.199997, 10.000000, 45.000000, 0.500000, 0.500000, 0.500000, 0, 
0.526824, 0.019035, 2, 1, 16.745102, 18.266903, 2.955364, -3.128775, 0.000000, -98.199997, 10.000000, 45.000000, 0.500000, 0.500000, 0.500000, 0, 
0.526824, 0.019035, 3, 1, 18.523140, 19.126102, 7.044636, 2.053371, 0.000000, -98.199997, 10.000000, 45.000000, 0.500000, 0.500000, 0.500000, 0, 
0.545545, 0.018721, 0, 1, 10.000000, 13.489144, 0.000000, -5.357252, 0.000000, -98.199997, 10.000000, 45.000000, 0.500000, 0.500000, 0.500000, 0, 
0.545545, 0.018721, 1, 1, 15.000000, 13.489144, 0.000000, -5.357252, 0.000000, -98.199997, 10.000000, 45.000000, 0.500000, 0.500000, 0.500000, 0, 
0.545545, 0.018721, 2, 1, 16.800428, 18.204887, 2.955364, -3.312615, 0.000000, -98.199997, 10.000000, 45.000000, 0.500000, 0.500000, 0.500000, 0, 
0.545545, 0.018721, 3, 1, 18.655022, 19.161102, 7.044636, 1.869531, 0.000000, -98.199997, 10.000000, 45.000000, 0.500000, 0.500000, 0.500000, 0, 
0.562997, 0.017452, 0, 1, 10.000000, 13.392658, 0.000000, -5.528630, 0.000000, -98.199997, 10.000000, 45.000000, 0.500000, 0.500000, 0.500000, 0, 
0.562997, 0.017452, 1, 1, 15.000000, 13.392658, 0.000000, -5.528630, 0.000000, -98.199997, 10.000000, 45.000000, 0.500000, 0.500000, 0.500000, 0, 
0.562997, 0.017452, 2, 1, 16.852005, 18.144085, 2.955364, -3.483994, 0.000000, -98.199997, 10.000000, 45.000000, 0.500000, 0.500000, 0.500000, 0, 
0.562997, 0.017452, 3, 1, 18.777966, 19.190739, 7.044636, 1.698152, 0.000000, -98.199997, 10.000000, 45.000000, 0.500000, 0.500000, 0.500000, 0, 
0.579966, 0.016969, 0, 1, 10.000000, 13.296015, 0.000000, -5.695266, 0.000000, -98.199997, 10.000000, 45.000000, 0.500000, 0.500000, 0.500000, 0, 
0.579966, 0.016969, 1, 1, 15.000000, 13.296015, 0.000000, -5.695266, 0.000000, -98.199997, 10.000000, 45.000000, 0.500000, 0.500000, 0.500000, 0, 
0.579966, 0.016969, 2, 1, 16.902155, 18.082138, 2.955364, -3.650629, 0.000000, -98.199997, 10.000000, 45.000000, 0.500000, 0.500000, 0.500000, 0, 
0.579966, 0.016969, 3, 1, 18.897507, 19.216726, 7.044636, 1.531517, 0.000000, -98.199997, 10.000000, 45.000000, 0.500000, 0.500000, 0.500000, 0, 
0.598148, 0.018182, 0, 1, 10.000000, 13.189218, 0.000000, -5.873813, 0.000000, -98.199997, 10.000000, 45.000000, 0.500000, 0.500000, 0.500000, 0, 
0.598148, 0.018182, 1, 1, 15.000000, 13.189218, 0.000000, -5.873813, 0.000000, -98.199997, 10.000000, 45.000000, 0.500000, 0.500000, 0.500000, 0, 
0.598148, 0.018182, 2, 1, 16.955889, 18.012516, 2.955364, -3.829176, 0.000000, -98.199997, 10.000000, 45.000000, 0.500000, 0.500000, 0.500000, 0, 
0.598148, 0.018182, 3, 1, 19.025593, 19.241325, 7.044636, 1.352970, 0.000000, -98.199997, 10.000000, 45.000000, 0.500000, 0.500000, 0.500000, 0, 
0.615835, 0.017687, 0, 1, 10.000000, 13.082255, 0.000000, -6.047500, 0.000000, -98.199997, 10.000000, 45.000000, 0.500000, 0.500000, 0.500000, 0, 
0.615835, 0.017687, 1, 1, 15.000000, 13.082255, 0.000000, -6.047500, 0.000000, -98.199997, 10.000000, 45.000000, 0.500000, 0.500000, 0.500000, 0, 
0.615835, 0.017687, 2, 1, 17.008160, 17.941717, 2.955364, -4.002863, 0.000000, -98.199997, 10.000000, 45.000000, 0.500000, 0.500000, 0.500000, 0, 
0.615835, 0.017687, 3, 1, 19.150190, 19.262184, 7.044636, 1.179283, 0.000000, -98.199997, 10.000000, 45.000000, 0.500000, 0.500000, 0.500000, 0, 
0.634185, 0.018350, 0, 1, 10.000000, 12.967978, 0.000000, -6.227696, 0.000000, -98.199997, 10.000000, 45.000000, 0.500000, 0.500000, 0.500000, 0, 
0.634185, 0.018350, 1, 1, 15.000000, 12.967978, 0.000000, -6.227696, 0.000000, -98.199997, 10.000000, 45.000000, 0.500000, 0.500000, 0.500000, 0, 
0.634185, 0.018350, 2, 1, 17.062391, 17.864958, 2.955364, -4.183060, 0.000000, -98.199997, 10.000000, 45.000000, 0.500000, 0.500000, 0.500000, 0, 
0.634185, 0.018350, 3, 1, 19.279459, 19.280518, 7.044636, 0.999086, 0.000000, -98.199997, 10.000000, 45.000000, 0.500000, 0.500000, 0.500000, 0, 
0.652139, 0.017954, 0, 1, 10.000000, 12.853000, 0.000000, -6.404005, 0.000000, -98.199997, 10.000000, 45.000000, 0.500000, 0.500000, 0.500000, 0, 
0.652139, 0.017954, 1, 1, 15.000000, 12.853000, 0.000000, -6.404005, 0.000000, -98.199997, 10.000000, 45.000000, 0.500000, 0.500000, 0.500000, 0, 
0.652139, 0.017954, 2, 1, 17.115452, 17.786690, 2.955364, -4.359368, 0.000000, -98.199997, 10.000000, 45.000000, 0.500000, 0.500000, 0.500000, 0, 
0.652139, 0.017954, 3, 1, 19.405939, 19.295290, 7.044636, 0.822778, 0.000000, -98.199997, 10.000000, 45.000000, 0.500000, 0.500000, 0.500000, 0, 
0.670562, 0.018423, 0, 1, 10.000000, 12.731686, 0.000000, -6.584918, 0.000000, -98.199997, 10.000000, 45.000000, 0.500000, 0.500000, 0.500000, 0, 
0.670562, 0.018423, 1, 1, 15.000000, 12.731686, 0.000000, -6.584918, 0.000000, -98.199997, 10.000000, 45.000000, 0.500000, 0.500000, 0.500000, 0, 
0.670562, 0.018423, 2, 1, 17.169899, 17.703045, 2.955364, -4.540282, 0.000000, -98.199997, 10.000000, 45.000000, 0.500000, 0.500000, 0.500000, 0, 
0.670562, 0.018423, 3, 1, 19.535723, 19.307116, 7.044636, 0.641864, 0.000000, -98.199997, 10.000000, 45.000000, 0.500000, 0.500000, 0.500000, 0, 
0.688593, 0.018031, 0, 1, 10.000000, 12.609760, 0.000000, -6.761983, 0.000000, -98.199997, 10.000000, 45.000000, 0.500000, 0.500000, 0.500000, 0, 
0.688593, 0.018031, 1, 1, 15.000000, 12.609760, 0.000000, -6.761983, 0.000000, -98.199997, 10.000000, 45.000000, 0.500000, 0.500000, 0.500000, 0, 
0.688593, 0.018031, 2, 1, 17.223186, 17.617987, 2.955364, -4.717346, 0.000000, -98.199997, 10.000000, 45.000000, 0.500000, 0.500000, 0.500000, 0, 
0.688593, 0.018031, 3, 1, 19.662745, 19.315496, 7.044636, 0.464800, 0.000000, -98.199997, 10.000000, 45.000000, 0.500000, 0.500000, 0.500000, 0, 
0.706971, 0.018378, 0, 1, 10.000000, 12.482172, 0.000000, -6.942455, 0.000000, -98.199997, 10.000000, 45.000000, 0.500000, 0.500000, 0.500000, 0, 
0.706971, 0.018378, 1, 1, 15.000000, 12.482172, 0.000000, -6.942455, 0.000000, -98.199997, 10.000000, 45.000000, 0.500000, 0.500000, 0.500000, 0, 
0.706971, 0.018378, 2, 1, 17.277500, 17.527975, 2.955364, -4.897818, 0.000000, -98.199997, 10.000000, 45.000000, 0.500000, 0.500000, 0.500000, 0, 
0.706971, 0.018378, 3, 1, 19.792212, 19.320723, 7.044636, 0.284328, 0.000000, -98.199997, 10.000000, 45.000000, 0.500000, 0.500000, 0.500000, 0, 
0.724761, 0.017790, 0, 1, 10.000000, 12.355557, 0.000000, -7.117153, 0.000000, -98.199997, 10.000000, 45.000000, 0.500000, 0.500000, 0.500000, 0, 
0.724761, 0.017790, 1, 1, 15.000000, 12.355557, 0.000000, -7.117153, 0.000000, -98.199997, 10.000000, 45.000000, 0.500000, 0.500000, 0.500000, 0, 
0.724761, 0.017790, 2, 1, 17.330076, 17.437735, 2.955364, -5.072516, 0.000000, -98.199997, 10.000000, 45.000000, 0.500000, 0.500000, 0.500000, 0, 
0.724761, 0.017790, 3, 1, 19.917536, 19.322674, 7.044636, 0.109630, 0.000000, -98.199997, 10.000000, 45.000000, 0.500000, 0.500000, 0.500000, 0, 
0.742529, 0.017768, 0, 1, 10.000000, 12.226000, 0.000000, -7.291635, 0.000000, -98.199997, 10.000000, 45.000000, 0.500000, 0.500000, 0.500000, 0, 
0.742529, 0.017768, 1, 1, 15.000000, 12.226000, 0.000000, -7.291635, 0.000000, -98.199997, 10.000000, 45.000000, 0.500000, 0.500000, 0.500000, 0, 
0.742529, 0.017768, 2, 1, 17.382587, 17.344505, 2.955364, -5.246998, 0.000000, -98.199997, 10.000000, 45.000000, 0.500000, 0.500000, 0.500000, 0, 
0.742529, 0.017768, 3, 1, 20.042706, 19.321522, 7.044636, -0.064852, 0.000000, -98.199997, 10.000000, 45.000000, 0.500000, 0.500000, 0.500000, 0, 
0.760941, 0.018412, 0, 1, 10.000000, 12.088417, 0.000000, -7.472440, 0.000000, -98.199997, 10.000000, 45.000000, 0.500000, 0.500000, 0.500000, 0, 
0.760941, 0.018412, 1, 1, 15.000000, 12.088417, 0.000000, -7.472440, 0.000000, -98.199997, 10.000000, 45.000000, 0.500000, 0.500000, 0.500000, 0, 
0.760941, 0.018412, 2, 1, 17.437002, 17.244568, 2.955364, -5.427804, 0.000000, -98.199997, 10.000000, 45.000000, 0.500000, 0.500000, 0.500000, 0, 
0.760941, 0.018412, 3, 1, 20.172411, 19.316999, 7.044636, -0.245658, 0.000000, -98.199997, 10.000000, 45.000000, 0.500000, 0.500000, 0.500000, 0, 
0.778306, 0.017365, 0, 1, 10.000000, 11.955697, 0.000000, -7.642964, 0.000000, -98.199997, 10.000000, 45.000000, 0.500000, 0.500000, 0.500000, 0, 
0.778306, 0.017365, 1, 1, 15.000000, 11.955697, 0.000000, -7.642964, 0.000000, -98.199997, 10.000000, 45.000000, 0.500000, 0.500000, 0.500000, 0, 
0.778306, 0.017365, 2, 1, 17.488321, 17.147352, 2.955364, -5.598328, 0.000000, -98.199997, 10.000000, 45.000000, 0.500000, 0.500000, 0.500000, 0, 
0.778306, 0.017365, 3, 1, 20.294741, 19.309772, 7.044636, -0.416182, 0.000000, -98.199997, 10.000000, 45.000000, 0.500000, 0.500000, 0.500000, 0, 
0.797104, 0.018798, 0, 1, 10.000000, 11.808555, 0.000000, -7.827561, 0.000000, -98.199997, 10.000000, 45.000000, 0.500000, 0.500000, 0.500000, 0, 
0.797104, 0.018798, 1, 1, 15.000000, 11.808555, 0.000000, -7.827561, 0.000000, -98.199997, 10.000000, 45.000000, 0.500000, 0.500000, 0.500000, 0, 
0.797104, 0.018798, 2, 1, 17.543877, 17.038645, 2.955364, -5.782924, 0.000000, -98.199997, 10.000000, 45.000000, 0.500000, 0.500000, 0.500000, 0, 
0.797104, 0.018798, 3, 1, 20.427166, 19.298479, 7.044636, -0.600778, 0.000000, -98.199997, 10.000000, 45.000000, 0.500000, 0.500000, 0.500000, 0, 
0.815609, 0.018505, 0, 1, 10.000000, 11.660343, 0.000000, -8.009280, 0.000000, -98.199997, 10.000000, 45.000000, 0.500000, 0.500000, 0.500000, 0, 
0.815609, 0.018505, 1, 1, 15.000000, 11.660343, 0.000000, -8.009280, 0.000000, -98.199997, 10.000000, 45.000000, 0.500000, 0.500000, 0.500000, 0, 
0.815609, 0.018505, 2, 1, 17.598566, 16.928268, 2.955364, -5.964643, 0.000000, -98.199997, 10.000000, 45.000000, 0.500000, 0.500000, 0.500000, 0, 
0.815609, 0.018505, 3, 1, 20.557528, 19.283998, 7.044636, -0.782498, 0.000000, -98.199997, 10.000000, 45.000000, 0.500000, 0.500000, 0.500000, 0, 
0.834151, 0.018542, 0, 1, 10.000000, 11.508459, 0.000000, -8.191362, 0.000000, -98.199997, 10.000000, 45.000000, 0.500000, 0.500000, 0.500000, 0, 
0.834151, 0.018542, 1, 1, 15.000000, 11.508459, 0.000000, -8.191362, 0.000000, -98.199997, 10.000000, 45.000000, 0.500000, 0.500000, 0.500000, 0, 
0.834151, 0.018542, 2, 1, 17.653364, 16.814297, 2.955364, -6.146726, 0.000000, -98.199997, 10.000000, 45.000000, 0.500000, 0.500000, 0.500000, 0, 
0.834151, 0.018542, 3, 1, 20.688148, 19.266113, 7.044636, -0.964580, 0.000000, -98.199997, 10.000000, 45.000000, 0.500000, 0.500000, 0.500000, 0, 
0.852152, 0.018001, 0, 1, 10.000000, 11.357824, 0.000000, -8.368133, 0.000000, -98.199997, 10.000000, 45.000000, 0.500000, 0.500000, 0.500000, 0, 
0.852152, 0.018001, 1, 1, 15.000000, 11.357824, 0.000000, -8.368133, 0.000000, -98.199997, 10.000000, 45.000000, 0.500000, 0.500000, 0.500000, 0, 
0.852152, 0.018001, 2, 1, 17.706564, 16.700468, 2.955364, -6.323496, 0.000000, -98.199997, 10.000000, 45.000000, 0.500000, 0.500000, 0.500000, 0, 
0.852152, 0.018001, 3, 1, 20.814959, 19.245567, 7.044636, -1.141350, 0.000000, -98.199997, 10.000000, 45.000000, 0.500000, 0.500000, 0.500000, 0, 
0.870649, 0.018497, 0, 1, 10.000000, 11.199679, 0.000000, -8.549773, 0.000000, -98.199997, 10.000000, 45.000000, 0.500000, 0.500000, 0.500000, 0, 
0.870649, 0.018497, 1, 1, 15.000000, 11.199679, 0.000000, -8.549773, 0.000000, -98.199997, 10.000000, 45.000000, 0.500000, 0.500000, 0.500000, 0, 
0.870649, 0.018497, 2, 1, 17.761229, 16.580143, 2.955364, -6.505136, 0.000000, -98.199997, 10.000000, 45.000000, 0.500000, 0.500000, 0.500000, 0, 
0.870649, 0.018497, 3, 1, 20.945263, 19.221096, 7.044636, -1.322990, 0.000000, -98.199997, 10.000000, 45.000000, 0.500000, 0.500000, 0.500000, 0, 
0.889366, 0.018717, 0, 1, 10.000000, 11.036213, 0.000000, -8.733574, 0.000000, -98.199997, 10.000000, 45.000000, 0.500000, 0.500000, 0.500000, 0, 
0.889366, 0.018717, 1, 1, 15.000000, 11.036213, 0.000000, -8.733574, 0.000000, -98.199997, 10.000000, 45.000000, 0.500000, 0.500000, 0.500000, 0, 
0.889366, 0.018717, 2, 1, 17.816544, 16.454947, 2.955364, -6.688937, 0.000000, -98.199997, 10.000000, 45.000000, 0.500000, 0.500000, 0.500000, 0, 
0.889366, 0.018717, 3, 1, 21.077118, 19.192894, 7.044636, -1.506791, 0.000000, -98.199997, 10.000000, 45.000000, 0.500000, 0.500000, 0.500000, 0, 
0.906799, 0.017433, 0, 1, 10.000000, 10.880976, 0.000000, -8.904766, 0.000000, -98.199997, 10.000000, 45.000000, 0.500000, 0.500000, 0.500000, 0, 
0.906799, 0.017433, 1, 1, 15.000000, 10.880976, 0.000000, -8.904766, 0.000000, -98.199997, 10.000000, 45.000000, 0.500000, 0.500000, 0.500000, 0, 
0.906799, 0.017433, 2, 1, 17.868065, 16.335354, 2.955364, -6.860129, 0.000000, -98.199997, 10.000000, 45.000000, 0.500000, 0.500000, 0.500000, 0, 
0.906799, 0.017433, 3, 1, 21.199926, 19.163641, 7.044636, -1.677983, 0.000000, -98.199997, 10.000000, 45.000000, 0.500000, 0.500000, 0.500000, 0, 
0.925425, 0.018626, 0, 1, 10.000000, 10.711709, 0.000000, -9.087673, 0.000000, -98.199997, 10.000000, 45.000000, 0.500000, 0.500000, 0.500000, 0, 
0.925425, 0.018626, 1, 1, 15.000000, 10.711709, 0.000000, -9.087673, 0.000000, -98.199997, 10.000000, 45.000000, 0.500000, 0.500000, 0.500000, 0, 
0.925425, 0.018626, 2, 1, 17.923111, 16.204170, 2.955364, -7.043036, 0.000000, -98.199997, 10.000000, 45.000000, 0.500000, 0.500000, 0.500000, 0, 
0.925425, 0.018626, 3, 1, 21.331141, 19.128981, 7.044636, -1.860891, 0.000000, -98.199997, 10.000000, 45.000000, 0.500000, 0.500000, 0.500000, 0, 
0.943464, 0.018039, 0, 1, 10.000000, 10.544581, 0.000000, -9.264816, 0.000000, -98.199997, 10.000000, 45.000000, 0.500000, 0.500000, 0.500000, 0, 
0.943464, 0.018039, 1, 1, 15.000000, 10.544581, 0.000000, -9.264816, 0.000000, -98.199997, 10.000000, 45.000000, 0.500000, 0.500000, 0.500000, 0, 
0.943464, 0.018039, 2, 1, 17.976423, 16.073925, 2.955364, -7.220180, 0.000000, -98.199997, 10.000000, 45.000000, 0.500000, 0.500000, 0.500000, 0, 
0.943464, 0.018039, 3, 1, 21.458220, 19.092216, 7.044636, -2.038033, 0.000000, -98.199997, 10.000000, 45.000000, 0.500000, 0.500000, 0.500000, 0, 
0.960937, 0.017473, 0, 1, 10.000000, 10.379699, 0.000000, -9.436401, 0.000000, -98.199997, 10.000000, 45.000000, 0.500000, 0.500000, 0.500000, 0, 
0.960937, 0.017473, 1, 1, 15.000000, 10.379699, 0.000000, -9.436401, 0.000000, -98.199997, 10.000000, 45.000000, 0.500000, 0.500000, 0.500000, 0, 
0.960937, 0.017473, 2, 1, 18.028063, 15.944769, 2.955364, -7.391765, 0.000000, -98.199997, 10.000000, 45.000000, 0.500000, 0.500000, 0.500000, 0, 
0.960937, 0.017473, 3, 1, 21.581310, 19.053608, 7.044636, -2.209618, 0.000000, -98.199997, 10.000000, 45.000000, 0.500000, 0.500000, 0.500000, 0, 
0.979359, 0.018422, 0, 1, 10.000000, 10.202529, 0.000000, -9.617306, 0.000000, -98.199997, 10.000000, 45.000000, 0.500000, 0.500000, 0.500000, 0, 
0.979359, 0.018422, 1, 1, 15.000000, 10.202529, 0.000000, -9.617306, 0.000000, -98.199997, 10.000000, 45.000000, 0.500000, 0.500000, 0.500000, 0, 
0.979359, 0.018422, 2, 1, 18.082506, 15.805265, 2.955364, -7.572669, 0.000000, -98.199997, 10.000000, 45.000000, 0.500000, 0.500000, 0.500000, 0, 
0.979359, 0.018422, 3, 1, 21.711086, 19.009569, 7.044636, -2.390522, 0.000000, -98.199997, 10.000000, 45.000000, 0.500000, 0.500000, 0.500000, 0, 
0.996726, 0.017367, 0, 1, 10.000000, 10.032543, 0.000000, -9.787849, 0.000000, -98.199997, 10.000000, 45.000000, 0.500000, 0.500000, 0.500000, 0, 
0.996726, 0.017367, 1, 1, 15.000000, 10.032543, 0.000000, -9.787849, 0.000000, -98.199997, 10.000000, 45.000000, 0.500000, 0.500000, 0.500000, 0, 
0.996726, 0.017367, 2, 1, 18.133833, 15.670789, 2.955364, -7.743213, 0.000000, -98.199997, 10.000000, 45.000000, 0.500000, 0.500000, 0.500000, 0, 
0.996726, 0.017367, 3, 1, 21.833431, 18.965092, 7.044636, -2.561066, 0.000000, -98.199997, 10.000000, 45.000000, 0.500000, 0.500000, 0.500000, 0, 
1.014230, 0.017504, 0, 1, 10.000000, 9.858208, 0.000000, -9.959739, 0.000000, -98.199997, 10.000000, 45.000000, 0.500000, 0.500000, 0.500000, 0, 
1.014230, 0.017504, 1, 1, 15.000000, 9.858208, 0.000000, -9.959739, 0.000000, -98.199997, 10.000000, 45.000000, 0.500000, 0.500000, 0.500000, 0, 
1.014230, 0.017504, 2, 1, 18.185564, 15.532243, 2.955364, -7.915102, 0.000000, -98.199997, 10.000000, 45.000000, 0.500000, 0.500000, 0.500000, 0, 
1.014230, 0.017504, 3, 1, 21.956741, 18.917253, 7.044636, -2.732956, 0.000000, -98.199997, 10.000000, 45.000000, 0.500000, 0.500000, 0.500000, 0, 
1.032947, 0.018717, 0, 1, 10.000000, 9.668351, 0.000000, -10.143539, 0.000000, -98.199997, 10.000000, 45.000000, 0.500000, 0.500000, 0.500000, 0, 
1.032947, 0.018717, 1, 1, 15.000000, 9.668351, 0.000000, -10.143539, 0.000000, -98.199997, 10.000000, 45.000000, 0.500000, 0.500000, 0.500000, 0, 
1.032947, 0.018717, 2, 1, 18.240879, 15.380655, 2.955364, -8.098903, 0.000000, -98.199997, 10.000000, 45.000000, 0.500000, 0.500000, 0.500000, 0, 
1.032947, 0.018717, 3, 1, 22.088596, 18.862661, 7.044636, -2.916757, 0.000000, -98.199997, 10.000000, 45.000000, 0.500000, 0.500000, 0.500000, 0, 
1.050765, 0.017818, 0, 1, 10.000000, 9.484496, 0.000000, -10.318512, 0.000000, -98.199997, 10.000000, 45.000000, 0.500000, 0.500000, 0.500000, 0, 
1.050765, 0.017818, 1, 1, 15.000000, 9.484496, 0.000000, -10.318512, 0.000000, -98.199997, 10.000000, 45.000000, 0.500000, 0.500000, 0.500000, 0, 
1.050765, 0.017818, 2, 1, 18.293537, 15.233232, 2.955364, -8.273875, 0.000000, -98.199997, 10.000000, 45.000000, 0.500000, 0.500000, 0.500000, 0, 
1.050765, 0.017818, 3, 1, 22.214117, 18.807573, 7.044636, -3.091729, 0.000000, -98.199997, 10.000000, 45.000000, 0.500000, 0.500000, 0.500000, 0, 
1.069617, 0.018852, 0, 1, 10.000000, 9.286482, 0.000000, -10.503638, 0.000000, -98.199997, 10.000000, 45.000000, 0.500000, 0.500000, 0.500000, 0, 
1.069617, 0.018852, 1, 1, 15.000000, 9.286482, 0.000000, -10.503638, 0.000000, -98.199997, 10.000000, 45.000000, 0.500000, 0.500000, 0.500000, 0, 
1.069617, 0.018852, 2, 1, 18.349251, 15.073763, 2.955364, -8.459002, 0.000000, -98.199997, 10.000000, 45.000000, 0.500000, 0.500000, 0.500000, 0, 
1.069617, 0.018852, 3, 1, 22.346922, 18.745798, 7.044636, -3.276856, 0.000000, -98.199997, 10.000000, 45.000000, 0.500000, 0.500000, 0.500000, 0, 
1.087156, 0.017539, 0, 1, 10.000000, 9.099237, 0.000000, -10.675871, 0.000000, -98.199997, 10.000000, 45.000000, 0.500000, 0.500000, 0.500000, 0, 
1.087156, 0.017539, 1, 1, 15.000000, 9.099237, 0.000000, -10.675871, 0.000000, -98.199997, 10.000000, 45.000000, 0.500000, 0.500000, 0.500000, 0, 
1.087156, 0.017539, 2, 1, 18.401085, 14.922379, 2.955364, -8.631234, 0.000000, -98.199997, 10.000000, 45.000000, 0.500000, 0.500000, 0.500000, 0, 
1.087156, 0.017539, 3, 1, 22.470478, 18.685305, 7.044636, -3.449089, 0.000000, -98.199997, 10.000000, 45.000000, 0.500000, 0.500000, 0.500000, 0, 
1.104655, 0.017499, 0, 1, 10.000000, 8.909413, 0.000000, -10.847711, 0.000000, -98.199997, 10.000000, 45.000000, 0.500000, 0.500000, 0.500000, 0, 
1.104655, 0.017499, 1, 1, 15.000000, 8.909413, 0.000000, -10.847711, 0.000000, -98.199997, 10.000000, 45.000000, 0.500000, 0.500000, 0.500000, 0, 
1.104655, 0.017499, 2, 1, 18.452801, 14.768334, 2.955364, -8.803074, 0.000000, -98.199997, 10.000000, 45.000000, 0.500000, 0.500000, 0.500000, 0, 
1.104655, 0.017499, 3, 1, 22.593752, 18.621943, 7.044636, -3.620929, 0.000000, -98.199997, 10.000000, 45.000000, 0.500000, 0.500000, 0.500000, 0, 
1.122734, 0.018079, 0, 1, 10.000000, 8.710088, 0.000000, -11.025247, 0.000000, -98.199997, 10.000000, 45.000000, 0.500000, 0.500000, 0.500000, 0, 
1.122734, 0.018079, 1, 1, 15.000000, 8.710088, 0.000000, -11.025247, 0.000000, -98.199997, 10.000000, 45.000000, 0.500000, 0.500000, 0.500000, 0, 
1.122734, 0.018079, 2, 1, 18.506231, 14.605974, 2.955364, -8.980610, 0.000000, -98.199997, 10.000000, 45.000000, 0.500000, 0.500000, 0.500000, 0, 
1.122734, 0.018079, 3, 1, 22.721111, 18.553270, 7.044636, -3.798465, 0.000000, -98.199997, 10.000000, 45.000000, 0.500000, 0.500000, 0.500000, 0, 
1.155025, 0.032291, 0, 1, 10.000000, 8.343832, 0.000000, -11.342344, 0.000000, -98.199997, 10.000000, 45.000000, 0.500000, 0.500000, 0.500000, 0, 
1.155025, 0.032291, 1, 1, 15.000000, 8.343832, 0.000000, -11.342344, 0.000000, -98.199997, 10.000000, 45.000000, 0.500000, 0.500000, 0.500000, 0, 
1.155025, 0.032291, 2, 1, 18.601664, 14.305742, 2.955364, -9.297708, 0.000000, -98.199997, 10.000000, 45.000000, 0.500000, 0.500000, 0.500000, 0, 
1.155025, 0.032291, 3, 1, 22.948589, 18.420374, 7.044636, -4.115562, 0.000000, -98.199997, 10.000000, 45.000000, 0.500000, 0.500000, 0.500000, 0, 
1.173590, 0.018565, 0, 1, 10.000000, 8.129877, 0.000000, -11.524652, 0.000000, -98.199997, 10.000000, 45.000000, 0.500000, 0.500000, 0.500000, 0, 
1.173590, 0.018565, 1, 1, 15.000000, 8.129877, 0.000000, -11.524652, 0.000000, -98.199997, 10.000000, 45.000000, 0.500000, 0.500000, 0.500000, 0, 
1.173590, 0.018565, 2, 1, 18.656530, 14.129745, 2.955364, -9.480016, 0.000000, -98.199997, 10.000000, 45.000000, 0.500000, 0.500000, 0.500000, 0, 
1.173590, 0.018565, 3, 1, 23.079372, 18.340584, 7.044636, -4.297871, 0.000000, -98.199997, 10.000000, 45.000000, 0.500000, 0.500000, 0.500000, 0, 
1.191254, 0.017664, 0, 1, 10.000000, 7.923242, 0.000000, -11.698112, 0.000000, -98.199997, 10.000000, 45.000000, 0.500000, 0.500000, 0.500000, 0, 
1.191254, 0.017664, 1, 1, 15.000000, 7.923242, 0.000000, -11.698112, 0.000000, -98.199997, 10.000000, 45.000000, 0.500000, 0.500000, 0.500000, 0, 
1.191254, 0.017664, 2, 1, 18.708735, 13.959227, 2.955364, -9.653477, 0.000000, -98.199997, 10.000000, 45.000000, 0.500000, 0.500000, 0.500000, 0, 
1.191254, 0.017664, 3, 1, 23.203810, 18.261602, 7.044636, -4.471331, 0.000000, -98.199997, 10.000000, 45.000000, 0.500000, 0.500000, 0.500000, 0, 
1.209608, 0.018354, 0, 1, 10.000000, 7.705226, 0.000000, -11.878348, 0.000000, -98.199997, 10.000000, 45.000000, 0.500000, 0.500000, 0.500000, 0, 
1.209608, 0.018354, 1, 1, 15.000000, 7.705226, 0.000000, -11.878348, 0.000000, -98.199997, 10.000000, 45.000000, 0.500000, 0.500000, 0.500000, 0, 
1.209608, 0.018354, 2, 1, 18.762978, 13.778739, 2.955364, -9.833713, 0.000000, -98.199997, 10.000000, 45.000000, 0.500000, 0.500000, 0.500000, 0, 
1.209608, 0.018354, 3, 1, 23.333107, 18.176228, 7.044636, -4.651567, 0.000000, -98.199997, 10.000000, 45.000000, 0.500000, 0.500000, 0.500000, 0, 
1.227496, 0.017888, 0, 1, 10.000000, 7.489604, 0.000000, -12.054008, 0.000000, -98.199997, 10.000000, 45.000000, 0.500000, 0.500000, 0.500000, 0, 
1.227496, 0.017888, 1, 1, 15.000000, 7.489604, 0.000000, -12.054008, 0.000000, -98.199997, 10.000000, 45.000000, 0.500000, 0.500000, 0.500000, 0, 
1.227496, 0.017888, 2, 1, 18.815844, 13.599691, 2.955364, -10.009373, 0.000000, -98.199997, 10.000000, 45.000000, 0.500000, 0.500000, 0.500000, 0, 
1.227496, 0.017888, 3, 1, 23.459122, 18.089878, 7.044636, -4.827228, 0.000000, -98.199997, 10.000000, 45.000000, 0.500000, 0.500000, 0.500000, 0, 
1.244595, 0.017099, 0, 1, 10.000000, 7.280622, 0.000000, -12.221921, 0.000000, -98.199997, 10.000000, 45.000000, 0.500000, 0.500000, 0.500000, 0, 
1.244595, 0.017099, 1, 1, 15.000000, 7.280622, 0.000000, -12.221921, 0.000000, -98.199997, 10.000000, 45.000000, 0.500000, 0.500000, 0.500000, 0, 
1.244595, 0.017099, 2, 1, 18.866377, 13.425670, 2.955364, -10.177285, 0.000000, -98.199997, 10.000000, 45.000000, 0.500000, 0.500000, 0.500000, 0, 
1.244595, 0.017099, 3, 1, 23.579578, 18.004467, 7.044636, -4.995140, 0.000000, -98.199997, 10.000000, 45.000000, 0.500000, 0.500000, 0.500000, 0, 
1.262042, 0.017447, 0, 1, 10.000000, 7.064397, 0.000000, -12.393250, 0.000000, -98.199997, 10.000000, 45.000000, 0.500000, 0.500000, 0.500000, 0, 
1.262042, 0.017447, 1, 1, 15.000000, 7.064397, 0.000000, -12.393250, 0.000000, -98.199997, 10.000000, 45.000000, 0.500000, 0.500000, 0.500000, 0, 
1.262042, 0.017447, 2, 1, 18.917938, 13.245117, 2.955364, -10.348615, 0.000000, -98.199997, 10.000000, 45.000000, 0.500000, 0.500000, 0.500000, 0, 
1.262042, 0.017447, 3, 1, 23.702486, 17.914328, 7.044636, -5.166469, 0.000000, -98.199997, 10.000000, 45.000000, 0.500000, 0.500000, 0.500000, 0, 
1.280540, 0.018498, 0, 1, 10.000000, 6.831786, 0.000000, -12.574901, 0.000000, -98.199997, 10.000000, 45.000000, 0.500000, 0.500000, 0.500000, 0, 
1.280540, 0.018498, 1, 1, 15.000000, 6.831786, 0.000000, -12.574901, 0.000000, -98.199997, 10.000000, 45.000000, 0.500000, 0.500000, 0.500000, 0, 
1.280540, 0.018498, 2, 1, 18.972607, 13.050328, 2.955364, -10.530265, 0.000000, -98.199997, 10.000000, 45.000000, 0.500000, 0.500000, 0.500000, 0, 
1.280540, 0.018498, 3, 1, 23.832798, 17.815397, 7.044636, -5.348119, 0.000000, -98.199997, 10.000000, 45.000000, 0.500000, 0.500000, 0.500000, 0, 
1.298293, 0.017753, 0, 1, 10.000000, 6.605449, 0.000000, -12.749235, 0.000000, -98.199997, 10.000000, 45.000000, 0.500000, 0.500000, 0.500000, 0, 
1.298293, 0.017753, 1, 1, 15.000000, 6.605449, 0.000000, -12.749235, 0.000000, -98.199997, 10.000000, 45.000000, 0.500000, 0.500000, 0.500000, 0, 
1.298293, 0.017753, 2, 1, 19.025074, 12.860290, 2.955364, -10.704599, 0.000000, -98.199997, 10.000000, 45.000000, 0.500000, 0.500000, 0.500000, 0, 
1.298293, 0.017753, 3, 1, 23.957861, 17.717358, 7.044636, -5.522454, 0.000000, -98.199997, 10.000000, 45.000000, 0.500000, 0.500000, 0.500000, 0, 
1.315409, 0.017116, 0, 1, 10.000000, 6.384356, 0.000000, -12.917315, 0.000000, -98.199997, 10.000000, 45.000000, 0.500000, 0.500000, 0.500000, 0, 
1.315409, 0.017116, 1, 1, 15.000000, 6.384356, 0.000000, -12.917315, 0.000000, -98.199997, 10.000000, 45.000000, 0.500000, 0.500000, 0.500000, 0, 
1.315409, 0.017116, 2, 1, 19.075659, 12.674192, 2.955364, -10.872679, 0.000000, -98.199997, 10.000000, 45.000000, 0.500000, 0.500000, 0.500000, 0, 
1.315409, 0.017116, 3, 1, 24.078438, 17.619959, 7.044636, -5.690533, 0.000000, -98.199997, 10.000000, 45.000000, 0.500000, 0.500000, 0.500000, 0, 
1.332588, 0.017179, 0, 1, 10.000000, 6.159552, 0.000000, -13.086012, 0.000000, -98.199997, 10.000000, 45.000000, 0.500000, 0.500000, 0.500000, 0, 
1.332588, 0.017179, 1, 1, 15.000000, 6.159552, 0.000000, -13.086012, 0.000000, -98.199997, 10.000000, 45.000000, 0.500000, 0.500000, 0.500000, 0, 
1.332588, 0.017179, 2, 1, 19.126429, 12.484512, 2.955364, -11.041376, 0.000000, -98.199997, 10.000000, 45.000000, 0.500000, 0.500000, 0.500000, 0, 
1.332588, 0.017179, 3, 1, 24.199457, 17.519302, 7.044636, -5.859231, 0.000000, -98.199997, 10.000000, 45.000000, 0.500000, 0.500000, 0.500000, 0, 
1.349756, 0.017168, 0, 1, 10.000000, 5.931997, 0.000000, -13.254601, 0.000000, -98.199997, 10.000000, 45.000000, 0.500000, 0.500000, 0.500000, 0, 
1.349756, 0.017168, 1, 1, 15.000000, 5.931997, 0.000000, -13.254601, 0.000000, -98.199997, 10.000000, 45.000000, 0.500000, 0.500000, 0.500000, 0, 
1.349756, 0.017168, 2, 1, 19.177166, 12.292060, 2.955364, -11.209966, 0.000000, -98.199997, 10.000000, 45.000000, 0.500000, 0.500000, 0.500000, 0, 
1.349756, 0.017168, 3, 1, 24.320400, 17.415817, 7.044636, -6.027820, 0.000000, -98.199997, 10.000000, 45.000000, 0.500000, 0.500000, 0.500000, 0, 
1.368236, 0.018480, 0, 1, 10.000000, 5.683699, 0.000000, -13.436075, 0.000000, -98.199997, 10.000000, 45.000000, 0.500000, 0.500000, 0.500000, 0, 
1.368236, 0.018480, 1, 1, 15.000000, 5.683699, 0.000000, -13.436075, 0.000000, -98.199997, 10.000000, 45.000000, 0.500000, 0.500000, 0.500000, 0, 
1.368236, 0.018480, 2, 1, 19.231781, 12.081546, 2.955364, -11.391439, 0.000000, -98.199997, 10.000000, 45.000000, 0.500000, 0.500000, 0.500000, 0, 
1.368236, 0.018480, 3, 1, 24.450584, 17.301069, 7.044636, -6.209294, 0.000000, -98.199997, 10.000000, 45.000000, 0.500000, 0.500000, 0.500000, 0, 
1.385641, 0.017405, 0, 1, 10.000000, 5.446869, 0.000000, -13.606993, 0.000000, -98.199997, 10.000000, 45.000000, 0.500000, 0.500000, 0.500000, 0, 
1.385641, 0.017405, 1, 1, 15.000000, 5.446869, 0.000000, -13.606993, 0.000000, -98.199997, 10.000000, 45.000000, 0.500000, 0.500000, 0.500000, 0, 
1.385641, 0.017405, 2, 1, 19.283218, 11.880303, 2.955364, -11.562357, 0.000000, -98.199997, 10.000000, 45.000000, 0.500000, 0.500000, 0.500000, 0, 
1.385641, 0.017405, 3, 1, 24.573196, 17.190022, 7.044636, -6.380211, 0.000000, -98.199997, 10.000000, 45.000000, 0.500000, 0.500000, 0.500000, 0, 
1.403205, 0.017564, 0, 1, 10.000000, 5.204846, 0.000000, -13.779471, 0.000000, -98.199997, 10.000000, 45.000000, 0.500000, 0.500000, 0.500000, 0, 
1.403205, 0.017564, 1, 1, 15.000000, 5.204846, 0.000000, -13.779471, 0.000000, -98.199997, 10.000000, 45.000000, 0.500000, 0.500000, 0.500000, 0, 
1.403205, 0.017564, 2, 1, 19.335127, 11.674192, 2.955364, -11.734836, 0.000000, -98.199997, 10.000000, 45.000000, 0.500000, 0.500000, 0.500000, 0, 
1.403205, 0.017564, 3, 1, 24.696928, 17.074930, 7.044636, -6.552690, 0.000000, -98.199997, 10.000000, 45.000000, 0.500000, 0.500000, 0.500000, 0, 
1.420662, 0.017457, 0, 1, 10.000000, 4.961306, 0.000000, -13.950899, 0.000000, -98.199997, 10.000000, 45.000000, 0.500000, 0.500000, 0.500000, 0, 
1.420662, 0.017457, 1, 1, 15.000000, 4.961306, 0.000000, -13.950899, 0.000000, -98.199997, 10.000000, 45.000000, 0.500000, 0.500000, 0.500000, 0, 
1.420662, 0.017457, 2, 1, 19.386719, 11.466345, 2.955364, -11.906263, 0.000000, -98.199997, 10.000000, 45.000000, 0.500000, 0.500000, 0.500000, 0, 
1.420662, 0.017457, 3, 1, 24.819906, 16.957548, 7.044636, -6.724117, 0.000000, -98.199997, 10.000000, 45.000000, 0.500000, 0.500000, 0.500000, 0, 
1.437550, 0.016888, 0, 1, 10.000000, 4.722902, 0.000000, -14.116739, 0.000000, -98.199997, 10.000000, 45.000000, 0.500000, 0.500000, 0.500000, 0, 
1.437550, 0.016888, 1, 1, 15.000000, 4.722902, 0.000000, -14.116739, 0.000000, -98.199997, 10.000000, 45.000000, 0.500000, 0.500000, 0.500000, 0, 
1.437550, 0.016888, 2, 1, 19.436628, 11.262471, 2.955364, -12.072104, 0.000000, -98.199997, 10.000000, 45.000000, 0.500000, 0.500000, 0.500000, 0, 
1.437550, 0.016888, 3, 1, 24.938875, 16.841190, 7.044636, -6.889957, 0.000000, -98.199997, 10.000000, 45.000000, 0.500000, 0.500000, 0.500000, 0, 
1.455746, 0.018196, 0, 1, 10.000000, 4.462783, 0.000000, -14.295424, 0.000000, -98.199997, 10.000000, 45.000000, 0.500000, 0.500000, 0.500000, 0, 
1.455746, 0.018196, 1, 1, 15.000000, 4.462783, 0.000000, -14.295424, 0.000000, -98.199997, 10.000000, 45.000000, 0.500000, 0.500000, 0.500000, 0, 
1.455746, 0.018196, 2, 1, 19.490404, 11.039556, 2.955364, -12.250788, 0.000000, -98.199997, 10.000000, 45.000000, 0.500000, 0.500000, 0.500000, 0, 
1.455746, 0.018196, 3, 1, 25.067059, 16.712570, 7.044636, -7.068642, 0.000000, -98.199997, 10.000000, 45.000000, 0.500000, 0.500000, 0.500000, 0, 
1.474773, 0.019027, 0, 1, 10.000000, 4.187229, 0.000000, -14.482268, 0.000000, -98.199997, 10.000000, 45.000000, 0.500000, 0.500000, 0.500000, 0, 
1.474773, 0.019027, 1, 1, 15.000000, 4.187229, 0.000000, -14.482268, 0.000000, -98.199997, 10.000000, 45.000000, 0.500000, 0.500000, 0.500000, 0, 
1.474773, 0.019027, 2, 1, 19.546637, 10.802905, 2.955364, -12.437633, 0.000000, -98.199997, 10.000000, 45.000000, 0.500000, 0.500000, 0.500000, 0, 
1.474773, 0.019027, 3, 1, 25.201097, 16.574520, 7.044636, -7.255487, 0.000000, -98.199997, 10.000000, 45.000000, 0.500000, 0.500000, 0.500000, 0, 
1.492739, 0.017966, 0, 1, 10.000000, 3.923871, 0.000000, -14.658694, 0.000000, -98.199997, 10.000000, 45.000000, 0.500000, 0.500000, 0.500000, 0, 
1.492739, 0.017966, 1, 1, 15.000000, 3.923871, 0.000000, -14.658694, 0.000000, -98.199997, 10.000000, 45.000000, 0.500000, 0.500000, 0.500000, 0, 
1.492739, 0.017966, 2, 1, 19.599733, 10.576281, 2.955364, -12.614058, 0.000000, -98.199997, 10.000000, 45.000000, 0.500000, 0.500000, 0.500000, 0, 
1.492739, 0.017966, 3, 1, 25.327662, 16.440998, 7.044636, -7.431913, 0.000000, -98.199997, 10.000000, 45.000000, 0.500000, 0.500000, 0.500000, 0, 
1.510711, 0.017972, 0, 1, 10.000000, 3.657253, 0.000000, -14.835179, 0.000000, -98.199997, 10.000000, 45.000000, 0.500000, 0.500000, 0.500000, 0, 
1.510711, 0.017972, 1, 1, 15.000000, 3.657253, 0.000000, -14.835179, 0.000000, -98.199997, 10.000000, 45.000000, 0.500000, 0.500000, 0.500000, 0, 
1.510711, 0.017972, 2, 1, 19.652847, 10.346409, 2.955364, -12.790544, 0.000000, -98.199997, 10.000000, 45.000000, 0.500000, 0.500000, 0.500000, 0, 
1.510711, 0.017972, 3, 1, 25.454268, 16.304260, 7.044636, -7.608398, 0.000000, -98.199997, 10.000000, 45.000000, 0.500000, 0.500000, 0.500000, 0, 
1.529244, 0.018533, 0, 1, 10.000000, 3.378940, 0.000000, -15.017174, 0.000000, -98.199997, 10.000000, 45.000000, 0.500000, 0.500000, 0.500000, 0, 
1.529244, 0.018533, 1, 1, 15.000000, 3.378940, 0.000000, -15.017174, 0.000000, -98.199997, 10.000000, 45.000000, 0.500000, 0.500000, 0.500000, 0, 
1.529244, 0.018533, 2, 1, 19.707619, 10.105989, 2.955364, -12.972538, 0.000000, -98.199997, 10.000000, 45.000000, 0.500000, 0.500000, 0.500000, 0, 
1.529244, 0.018533, 3, 1, 25.584826, 16.159882, 7.044636, -7.790392, 0.000000, -98.199997, 10.000000, 45.000000, 0.500000, 0.500000, 0.500000, 0, 
1.546654, 0.017410, 0, 1, 10.000000, 3.114514, 0.000000, -15.188140, 0.000000, -98.199997, 10.000000, 45.000000, 0.500000, 0.500000, 0.500000, 0, 
1.546654, 0.017410, 1, 1, 15.000000, 3.114514, 0.000000, -15.188140, 0.000000, -98.199997, 10.000000, 45.000000, 0.500000, 0.500000, 0.500000, 0, 
1.546654, 0.017410, 2, 1, 19.759071, 9.877160, 2.955364, -13.143504, 0.000000, -98.199997, 10.000000, 45.000000, 0.500000, 0.500000, 0.500000, 0, 
1.546654, 0.017410, 3, 1, 25.707472, 16.021275, 7.044636, -7.961359, 0.000000, -98.199997, 10.000000, 45.000000, 0.500000, 0.500000, 0.500000, 0, 
1.564237, 0.017583, 0, 1, 10.000000, 2.844425, 0.000000, -15.360805, 0.000000, -98.199997, 10.000000, 45.000000, 0.500000, 0.500000, 0.500000, 0, 
1.564237, 0.017583, 1, 1, 15.000000, 2.844425, 0.000000, -15.360805, 0.000000, -98.199997, 10.000000, 45.000000, 0.500000, 0.500000, 0.500000, 0, 
1.564237, 0.017583, 2, 1, 19.811035, 9.643022, 2.955364, -13.316169, 0.000000, -98.199997, 10.000000, 45.000000, 0.500000, 0.500000, 0.500000, 0, 
1.564237, 0.017583, 3, 1, 25.831337, 15.878254, 7.044636, -8.134024, 0.000000, -98.199997, 10.000000, 45.000000, 0.500000, 0.500000, 0.500000, 0, 
1.581519, 0.017282, 0, 1, 10.000000, 2.576027, 0.000000, -15.530514, 0.000000, -98.199997, 10.000000, 45.000000, 0.500000, 0.500000, 0.500000, 0, 
1.581519, 0.017282, 1, 1, 15.000000, 2.576027, 0.000000, -15.530514, 0.000000, -98.199997, 10.000000, 45.000000, 0.500000, 0.500000, 0.500000, 0, 
1.581519, 0.017282, 2, 1, 19.862110, 9.409959, 2.955364, -13.485878, 0.000000, -98.199997, 10.000000, 45.000000, 0.500000, 0.500000, 0.500000, 0, 
1.581519, 0.017282, 3, 1, 25.953083, 15.734749, 7.044636, -8.303733, 0.000000, -98.199997, 10.000000, 45.000000, 0.500000, 0.500000, 0.500000, 0, 
1.598830, 0.017311, 0, 1, 10.000000, 2.304235, 0.000000, -15.700508, 0.000000, -98.199997, 10.000000, 45.000000, 0.500000, 0.500000, 0.500000, 0, 
1.598830, 0.017311, 1, 1, 15.000000, 2.304235, 0.000000, -15.700508, 0.000000, -98.199997, 10.000000, 45.000000, 0.500000, 0.500000, 0.500000, 0, 
1.598830, 0.017311, 2, 1, 19.913271, 9.173562, 2.955364, -13.655872, 0.000000, -98.199997, 10.000000, 45.000000, 0.500000, 0.500000, 0.500000, 0, 
1.598830, 0.017311, 3, 1, 26.075033, 15.588060, 7.044636, -8.473727, 0.000000, -98.199997, 10.000000, 45.000000, 0.500000, 0.500000, 0.500000, 0, 
1.615794, 0.016964, 0, 1, 10.000000, 2.035066, 0.000000, -15.867095, 0.000000, -98.199997, 10.000000, 45.000000, 0.500000, 0.500000, 0.500000, 0, 
1.615794, 0.016964, 1, 1, 15.000000, 2.035066, 0.000000, -15.867095, 0.000000, -98.199997, 10.000000, 45.000000, 0.500000, 0.500000, 0.500000, 0, 
1.615794, 0.016964, 2, 1, 19.963406, 8.939077, 2.955364, -13.822459, 0.000000, -98.199997, 10.000000, 45.000000, 0.500000, 0.500000, 0.500000, 0, 
1.615794, 0.016964, 3, 1, 26.194538, 15.441486, 7.044636, -8.640314, 0.000000, -98.199997, 10.000000, 45.000000, 0.500000, 0.500000, 0.500000, 0, 
1.633109, 0.017315, 0, 1, 10.000000, 1.757383, 0.000000, -16.037128, 0.000000, -98.199997, 10.000000, 45.000000, 0.500000, 0.500000, 0.500000, 0, 
1.633109, 0.017315, 1, 1, 15.000000, 1.757383, 0.000000, -16.037128, 0.000000, -98.199997, 10.000000, 45.000000, 0.500000, 0.500000, 0.500000, 0, 
1.633109, 0.017315, 2, 1, 20.014578, 8.696797, 2.955364, -13.992493, 0.000000, -98.199997, 10.000000, 45.000000, 0.500000, 0.500000, 0.500000, 0, 
1.633109, 0.017315, 3, 1, 26.316517, 15.288935, 7.044636, -8.810348, 0.000000, -98.199997, 10.000000, 45.000000, 0.500000, 0.500000, 0.500000, 0, 
1.650248, 0.017139, 0, 1, 10.000000, 1.479638, 0.000000, -16.205433, 0.000000, -98.199997, 10.000000, 45.000000, 0.500000, 0.500000, 0.500000, 0, 
1.650248, 0.017139, 1, 1, 15.000000, 1.479638, 0.000000, -16.205433, 0.000000, -98.199997, 10.000000, 45.000000, 0.500000, 0.500000, 0.500000, 0, 
1.650248, 0.017139, 2, 1, 20.065229, 8.454096, 2.955364, -14.160798, 0.000000, -98.199997, 10.000000, 45.000000, 0.500000, 0.500000, 0.500000, 0, 
1.650248, 0.017139, 3, 1, 26.437254, 15.135050, 7.044636, -8.978653, 0.000000, -98.199997, 10.000000, 45.000000, 0.500000, 0.500000, 0.500000, 0, 
1.667335, 0.017087, 0, 1, 10.000000, 1.199869, 0.000000, -16.373228, 0.000000, -98.199997, 10.000000, 45.000000, 0.500000, 0.500000, 0.500000, 0, 
1.667335, 0.017087, 1, 1, 15.000000, 1.199869, 0.000000, -16.373228, 0.000000, -98.199997, 10.000000, 45.000000, 0.500000, 0.500000, 0.500000, 0, 
1.667335, 0.017087, 2, 1, 20.115728, 8.209263, 2.955364, -14.328592, 0.000000, -98.199997, 10.000000, 45.000000, 0.500000, 0.500000, 0.500000, 0, 
1.667335, 0.017087, 3, 1, 26.557625, 14.978765, 7.044636, -9.146447, 0.000000, -98.199997, 10.000000, 45.000000, 0.500000, 0.500000, 0.500000, 0, 
1.684647, 0.017312, 0, 1, 10.000000, 0.913473, 0.000000, -16.543232, 0.000000, -98.199997, 10.000000, 45.000000, 0.500000, 0.500000, 0.500000, 0, 
1.684647, 0.017312, 1, 1, 15.000000, 0.913473, 0.000000, -16.543232, 0.000000, -98.199997, 10.000000, 45.000000, 0.500000, 0.500000, 0.500000, 0, 
1.684647, 0.017312, 2, 1, 20.166891, 7.958263, 2.955364, -14.498596, 0.000000, -98.199997, 10.000000, 45.000000, 0.500000, 0.500000, 0.500000, 0, 
1.684647, 0.017312, 3, 1, 26.679581, 14.817478, 7.044636, -9.316451, 0.000000, -98.199997, 10.000000, 45.000000, 0.500000, 0.500000, 0.500000, 0, 
1.701986, 0.017339, 0, 1, 10.000000, 0.623677, 0.000000, -16.713501, 0.000000, -98.199997, 10.000000, 45.000000, 0.500000, 0.500000, 0.500000, 0, 
1.701986, 0.017339, 1, 1, 15.000000, 0.623677, 0.000000, -16.713501, 0.000000, -98.199997, 10.000000, 45.000000, 0.500000, 0.500000, 0.500000, 0, 
1.701986, 0.017339, 2, 1, 20.218134, 7.703920, 2.955364, -14.668865, 0.000000, -98.199997, 10.000000, 45.000000, 0.500000, 0.500000, 0.500000, 0, 
1.701986, 0.017339, 3, 1, 26.801727, 14.652987, 7.044636, -9.486720, 0.000000, -98.199997, 10.000000, 45.000000, 0.500000, 0.500000, 0.500000, 0, 
1.719502, 0.017516, 0, 1, 10.000000, 0.327911, 0.000000, -16.885508, 0.000000, -98.199997, 10.000000, 45.000000, 0.500000, 0.500000, 0.500000, 0, 
1.719502, 0.017516, 1, 1, 15.000000, 0.327911, 0.000000, -16.885508, 0.000000, -98.199997, 10.000000, 45.000000, 0.500000, 0.500000, 0.500000, 0, 
1.719502, 0.017516, 2, 1, 20.269899, 7.443967, 2.955364, -14.840873, 0.000000, -98.199997, 10.000000, 45.000000, 0.500000, 0.500000, 0.500000, 0, 
1.719502, 0.017516, 3, 1, 26.925121, 14.483806, 7.044636, -9.658728, 0.000000, -98.199997, 10.000000, 45.000000, 0.500000, 0.500000, 0.500000, 0, 
1.736574, 0.017072, 0, 1, 10.000000, 0.036779, 0.000000, -17.053154, 0.000000, -98.199997, 10.000000, 45.000000, 0.500000, 0.500000, 0.500000, 0, 
1.736574, 0.017072, 1, 1, 15.000000, 0.036779, 0.000000, -17.053154, 0.000000, -98.199997, 10.000000, 45.000000, 0.500000, 0.500000, 0.500000, 0, 
1.736574, 0.017072, 2, 1, 20.320353, 7.187742, 2.955364, -15.008520, 0.000000, -98.199997, 10.000000, 45.000000, 0.500000, 0.500000, 0.500000, 0, 
1.736574, 0.017072, 3, 1, 27.045387, 14.316050, 7.044636, -9.826375, 0.000000, -98.199997, 10.000000, 45.000000, 0.500000, 0.500000, 0.500000, 0, 
1.753615, 0.017041, 0, 1, 10.000000, -0.256675, 0.000000, -17.220497, 0.000000, -98.199997, 10.000000, 45.000000, 0.500000, 0.500000, 0.500000, 0, 
1.753615, 0.017041, 1, 1, 15.000000, -0.256675, 0.000000, -17.220497, 0.000000, -98.199997, 10.000000, 45.000000, 0.500000, 0.500000, 0.500000, 0, 
1.753615, 0.017041, 2, 1, 20.370714, 6.929130, 2.955364, -15.175862, 0.000000, -98.199997, 10.000000, 45.000000, 0.500000, 0.500000, 0.500000, 0, 
1.753615, 0.017041, 3, 1, 27.165436, 14.145746, 7.044636, -9.993717, 0.000000, -98.199997, 10.000000, 45.000000, 0.500000, 0.500000, 0.500000, 0, 
1.772057, 0.018442, 0, 1, 10.000000, -0.577595, 0.000000, -17.401598, 0.000000, -98.199997, 10.000000, 45.000000, 0.500000, 0.500000, 0.500000, 0, 
1.772057, 0.018442, 1, 1, 15.000000, -0.577595, 0.000000, -17.401598, 0.000000, -98.199997, 10.000000, 45.000000, 0.500000, 0.500000, 0.500000, 0, 
1.772057, 0.018442, 2, 1, 20.425217, 6.645917, 2.955364, -15.356963, 0.000000, -98.199997, 10.000000, 45.000000, 0.500000, 0.500000, 0.500000, 0, 
1.772057, 0.018442, 3, 1, 27.295353, 13.958102, 7.044636, -10.174818, 0.000000, -98.199997, 10.000000, 45.000000, 0.500000, 0.500000, 0.500000, 0, 
1.789487, 0.017430, 0, 1, 10.000000, -0.883889, 0.000000, -17.572760, 0.000000, -98.199997, 10.000000, 45.000000, 0.500000, 0.500000, 0.500000, 0, 
1.789487, 0.017430, 1, 1, 15.000000, -0.883889, 0.000000, -17.572760, 0.000000, -98.199997, 10.000000, 45.000000, 0.500000, 0.500000, 0.500000, 0, 
1.789487, 0.017430, 2, 1, 20.476728, 6.375262, 2.955364, -15.528126, 0.000000, -98.199997, 10.000000, 45.000000, 0.500000, 0.500000, 0.500000, 0, 
1.789487, 0.017430, 3, 1, 27.418140, 13.777772, 7.044636, -10.345981, 0.000000, -98.199997, 10.000000, 45.000000, 0.500000, 0.500000, 0.500000, 0, 
1.806991, 0.017504, 0, 1, 10.000000, -1.194491, 0.000000, -17.744648, 0.000000, -98.199997, 10.000000, 45.000000, 0.500000, 0.500000, 0.500000, 0, 
1.806991, 0.017504, 1, 1, 15.000000, -1.194491, 0.000000, -17.744648, 0.000000, -98.199997, 10.000000, 45.000000, 0.500000, 0.500000, 0.500000, 0, 
1.806991, 0.017504, 2, 1, 20.528460, 6.100449, 2.955364, -15.700015, 0.000000, -98.199997, 10.000000, 45.000000, 0.500000, 0.500000, 0.500000, 0, 
1.806991, 0.017504, 3, 1, 27.541451, 13.593667, 7.044636, -10.517870, 0.000000, -98.199997, 10.000000, 45.000000, 0.500000, 0.500000, 0.500000, 0, 
1.824113, 0.017122, 0, 1, 10.000000, -1.501194, 0.000000, -17.912786, 0.000000, -98.199997, 10.000000, 45.000000, 0.500000, 0.500000, 0.500000, 0, 
1.824113, 0.017122, 1, 1, 15.000000, -1.501194, 0.000000, -17.912786, 0.000000, -98.199997, 10.000000, 45.000000, 0.500000, 0.500000, 0.500000, 0, 
1.824113, 0.017122, 2, 1, 20.579062, 5.828754, 2.955364, -15.868154, 0.000000, -98.199997, 10.000000, 45.000000, 0.500000, 0.500000, 0.500000, 0, 
1.824113, 0.017122, 3, 1, 27.662069, 13.410701, 7.044636, -10.686008, 0.000000, -98.199997, 10.000000, 45.000000, 0.500000, 0.500000, 0.500000, 0, 
1.841443, 0.017330, 0, 1, 10.000000, -1.814571, 0.000000, -18.082968, 0.000000, -98.199997, 10.000000, 45.000000, 0.500000, 0.500000, 0.500000, 0, 
1.841443, 0.017330, 1, 1, 15.000000, -1.814571, 0.000000, -18.082968, 0.000000, -98.199997, 10.000000, 45.000000, 0.500000, 0.500000, 0.500000, 0, 
1.841443, 0.017330, 2, 1, 20.630278, 5.550810, 2.955364, -16.038334, 0.000000, -98.199997, 10.000000, 45.000000, 0.500000, 0.500000, 0.500000, 0, 
1.841443, 0.017330, 3, 1, 27.784153, 13.222563, 7.044636, -10.856189, 0.000000, -98.199997, 10.000000, 45.000000, 0.500000, 0.500000, 0.500000, 0, 
1.858109, 0.016666, 0, 1, 10.000000, -2.118670, 0.000000, -18.246628, 0.000000, -98.199997, 10.000000, 45.000000, 0.500000, 0.500000, 0.500000, 0, 
1.858109, 0.016666, 1, 1, 15.000000, -2.118670, 0.000000, -18.246628, 0.000000, -98.199997, 10.000000, 45.000000, 0.500000, 0.500000, 0.500000, 0, 
1.858109, 0.016666, 2, 1, 20.679531, 5.280787, 2.955364, -16.201994, 0.000000, -98.199997, 10.000000, 45.000000, 0.500000, 0.500000, 0.500000, 0, 
1.858109, 0.016666, 3, 1, 27.901560, 13.038906, 7.044636, -11.019849, 0.000000, -98.199997, 10.000000, 45.000000, 0.500000, 0.500000, 0.500000, 0, 
1.874775, 0.016666, 0, 1, 10.000000, -2.425496, 0.000000, -18.410288, 0.000000, -98.199997, 10.000000, 45.000000, 0.500000, 0.500000, 0.500000, 0, 
1.874775, 0.016666, 1, 1, 15.000000, -2.425496, 0.000000, -18.410288, 0.000000, -98.199997, 10.000000, 45.000000, 0.500000, 0.500000, 0.500000, 0, 
1.874775, 0.016666, 2, 1, 20.728785, 5.008038, 2.955364, -16.365654, 0.000000, -98.199997, 10.000000, 45.000000, 0.500000, 0.500000, 0.500000, 0, 
1.874775, 0.016666, 3, 1, 28.018967, 12.852522, 7.044636, -11.183509, 0.000000, -98.199997, 10.000000, 45.000000, 0.500000, 0.500000, 0.500000, 0, 
1.891441, 0.016666, 0, 1, 10.000000, -2.735049, 0.000000, -18.573948, 0.000000, -98.199997, 10.000000, 45.000000, 0.500000, 0.500000, 0.500000, 0, 
1.891441, 0.016666, 1, 1, 15.000000, -2.735049, 0.000000, -18.573948, 0.000000, -98.199997, 10.000000, 45.000000, 0.500000, 0.500000, 0.500000, 0, 
1.891441, 0.016666, 2, 1, 20.778038, 4.732560, 2.955364, -16.529314, 0.000000, -98.199997, 10.000000, 45.000000, 0.500000, 0.500000, 0.500000, 0, 
1.891441, 0.016666, 3, 1, 28.136374, 12.663410, 7.044636, -11.347169, 0.000000, -98.199997, 10.000000, 45.000000, 0.500000, 0.500000, 0.500000, 0, 
1.925194, 0.033753, 0, 1, 10.000000, -3.373163, 0.000000, -18.905403, 0.000000, -98.199997, 10.000000, 45.000000, 0.500000, 0.500000, 0.500000, 0, 
1.925194, 0.033753, 1, 1, 15.000000, -3.373163, 0.000000, -18.905403, 0.000000, -98.199997, 10.000000, 45.000000, 0.500000, 0.500000, 0.500000, 0, 
1.925194, 0.033753, 2, 1, 20.877790, 4.163459, 2.955364, -16.860769, 0.000000, -98.199997, 10.000000, 45.000000, 0.500000, 0.500000, 0.500000, 0, 
1.925194, 0.033753, 3, 1, 28.374151, 12.269221, 7.044636, -11.678623, 0.000000, -98.199997, 10.000000, 45.000000, 0.500000, 0.500000, 0.500000, 0, 
