GLOBALTIME, DELTATIME, ID, STATE, POS_x, POS_y, VEL_x, VEL_y, FR_x, FR_y, MASS, ROTATION(DEGREES), FRICTIONCOEF.., RESTITUTIONCOEF.., AIR DRAG COEF..,  use air resistance
0.017270, 0.017270, 0, 1, 0.172700, 25.169771, 10.000000, 9.830409, 0.000000, -98.199997, 10.000000, 0.000000, 0.000000, 0.000000, 0.000000, 0, 
0.033936, 0.016666, 0, 1, 0.339360, 25.330877, 10.000000, 9.666749, 0.000000, -98.199997, 10.000000, 0.000000, 0.000000, 0.000000, 0.000000, 0, 
0.050602, 0.016666, 0, 1, 0.506020, 25.489256, 10.000000, 9.503089, 0.000000, -98.199997, 10.000000, 0.000000, 0.000000, 0.000000, 0.000000, 0, 
0.067268, 0.016666, 0, 1, 0.672680, 25.644907, 10.000000, 9.339429, 0.000000, -98.199997, 10.000000, 0.000000, 0.000000, 0.000000, 0.000000, 0, 
0.083934, 0.016666, 0, 1, 0.839340, 25.797831, 10.000000, 9.175769, 0.000000, -98.199997, 10.000000, 0.000000, 0.000000, 0.000000, 0.000000, 0, 
0.100600, 0.016666, 0, 1, 1.006000, 25.948027, 10.000000, 9.012109, 0.000000, -98.199997, 10.000000, 0.000000, 0.000000, 0.000000, 0.000000, 0, 
0.117266, 0.016666, 0, 1, 1.172660, 26.095495, 10.000000, 8.848449, 0.000000, -98.199997, 10.000000, 0.000000, 0.000000, 0.000000, 0.000000, 0, 
0.133932, 0.016666, 0, 1, 1.339320, 26.240236, 10.000000, 8.684789, 0.000000, -98.199997, 10.000000, 0.000000, 0.000000, 0.000000, 0.000000, 0, 
0.150598, 0.016666, 0, 1, 1.505980, 26.382250, 10.000000, 8.521129, 0.000000, -98.199997, 10.000000, 0.000000, 0.000000, 0.000000, 0.000000, 0, 
0.176218, 0.025620, 0, 1, 1.762180, 26.594116, 10.000000, 8.269540, 0.000000, -98.199997, 10.000000, 0.000000, 0.000000, 0.000000, 0.000000, 0, 
0.194438, 0.018220, 0, 1, 1.944380, 26.741528, 10.000000, 8.090619, 0.000000, -98.199997, 10.000000, 0.000000, 0.000000, 0.000000, 0.000000, 0, 
0.212251, 0.017813, 0, 1, 2.122510, 26.882530, 10.000000, 7.915695, 0.000000, -98.199997, 10.000000, 0.000000, 0.000000, 0.000000, 0.000000, 0, 
0.230807, 0.018556, 0, 1, 2.308070, 27.026033, 10.000000, 7.733475, 0.000000, -98.199997, 10.000000, 0.000000, 0.000000, 0.000000, 0.000000, 0, 
0.251269, 0.020462, 0, 1, 2.512690, 27.180164, 10.000000, 7.532538, 0.000000, -98.199997, 10.000000, 0.000000, 0.000000, 0.000000, 0.000000, 0, 
0.288411, 0.037142, 0, 1, 2.884110, 27.446390, 10.000000, 7.167804, 0.000000, -98.199997, 10.000000, 0.000000, 0.000000, 0.000000, 0.000000, 0, 
0.306898, 0.018487, 0, 1, 3.068980, 27.575544, 10.000000, 6.986261, 0.000000, -98.199997, 10.000000, 0.000000, 0.000000, 0.000000, 0.000000, 0, 
0.324968, 0.018070, 0, 1, 3.249680, 27.698580, 10.000000, 6.808814, 0.000000, -98.199997, 10.000000, 0.000000, 0.000000, 0.000000, 0.000000, 0, 
0.342701, 0.017733, 0, 1, 3.427010, 27.816233, 10.000000, 6.634676, 0.000000, -98.199997, 10.000000, 0.000000, 0.000000, 0.000000, 0.000000, 0, 
0.360449, 0.017748, 0, 1, 3.604490, 27.930891, 10.000000, 6.460391, 0.000000, -98.199997, 10.000000, 0.000000, 0.000000, 0.000000, 0.000000, 0, 
0.378195, 0.017746, 0, 1, 3.781950, 28.042444, 10.000000, 6.286125, 0.000000, -98.199997, 10.000000, 0.000000, 0.000000, 0.000000, 0.000000, 0, 
0.395814, 0.017619, 0, 1, 3.958140, 28.150150, 10.000000, 6.113106, 0.000000, -98.199997, 10.000000, 0.000000, 0.000000, 0.000000, 0.000000, 0, 
0.414670, 0.018856, 0, 1, 4.146700, 28.261927, 10.000000, 5.927940, 0.000000, -98.199997, 10.000000, 0.000000, 0.000000, 0.000000, 0.000000, 0, 
0.432408, 0.017738, 0, 1, 4.324080, 28.363987, 10.000000, 5.753753, 0.000000, -98.199997, 10.000000, 0.000000, 0.000000, 0.000000, 0.000000, 0, 
0.451403, 0.018995, 0, 1, 4.514030, 28.469736, 10.000000, 5.567222, 0.000000, -98.199997, 10.000000, 0.000000, 0.000000, 0.000000, 0.000000, 0, 
0.469136, 0.017733, 0, 1, 4.691360, 28.565372, 10.000000, 5.393084, 0.000000, -98.199997, 10.000000, 0.000000, 0.000000, 0.000000, 0.000000, 0, 
0.488641, 0.019505, 0, 1, 4.886410, 28.666828, 10.000000, 5.201545, 0.000000, -98.199997, 10.000000, 0.000000, 0.000000, 0.000000, 0.000000, 0, 
0.506106, 0.017465, 0, 1, 5.061060, 28.754677, 10.000000, 5.030038, 0.000000, -98.199997, 10.000000, 0.000000, 0.000000, 0.000000, 0.000000, 0, 
0.524098, 0.017992, 0, 1, 5.240980, 28.841999, 10.000000, 4.853357, 0.000000, -98.199997, 10.000000, 0.000000, 0.000000, 0.000000, 0.000000, 0, 
0.541920, 0.017822, 0, 1, 5.419200, 28.925377, 10.000000, 4.678345, 0.000000, -98.199997, 10.000000, 0.000000, 0.000000, 0.000000, 0.000000, 0, 
0.559569, 0.017649, 0, 1, 5.595690, 29.004887, 10.000000, 4.505032, 0.000000, -98.199997, 10.000000, 0.000000, 0.000000, 0.000000, 0.000000, 0, 
0.577743, 0.018174, 0, 1, 5.777430, 29.083517, 10.000000, 4.326563, 0.000000, -98.199997, 10.000000, 0.000000, 0.000000, 0.000000, 0.000000, 0, 
0.595798, 0.018055, 0, 1, 5.957980, 29.158432, 10.000000, 4.149263, 0.000000, -98.199997, 10.000000, 0.000000, 0.000000, 0.000000, 0.000000, 0, 
0.613676, 0.017878, 0, 1, 6.136760, 29.229473, 10.000000, 3.973701, 0.000000, -98.199997, 10.000000, 0.000000, 0.000000, 0.000000, 0.000000, 0, 
0.631796, 0.018120, 0, 1, 6.317960, 29.298252, 10.000000, 3.795763, 0.000000, -98.199997, 10.000000, 0.000000, 0.000000, 0.000000, 0.000000, 0, 
0.649529, 0.017733, 0, 1, 6.495290, 29.362474, 10.000000, 3.621624, 0.000000, -98.199997, 10.000000, 0.000000, 0.000000, 0.000000, 0.000000, 0, 
0.667736, 0.018207, 0, 1, 6.677360, 29.425158, 10.000000, 3.442832, 0.000000, -98.199997, 10.000000, 0.000000, 0.000000, 0.000000, 0.000000, 0, 
0.685791, 0.018055, 0, 1, 6.857910, 29.484118, 10.000000, 3.265532, 0.000000, -98.199997, 10.000000, 0.000000, 0.000000, 0.000000, 0.000000, 0, 
0.703760, 0.017969, 0, 1, 7.037600, 29.539625, 10.000000, 3.089076, 0.000000, -98.199997, 10.000000, 0.000000, 0.000000, 0.000000, 0.000000, 0, 
0.721460, 0.017700, 0, 1, 7.214600, 29.591225, 10.000000, 2.915262, 0.000000, -98.199997, 10.000000, 0.000000, 0.000000, 0.000000, 0.000000, 0, 
0.739617, 0.018157, 0, 1, 7.396170, 29.640919, 10.000000, 2.736960, 0.000000, -98.199997, 10.000000, 0.000000, 0.000000, 0.000000, 0.000000, 0, 
0.758324, 0.018707, 0, 1, 7.583240, 29.688683, 10.000000, 2.553258, 0.000000, -98.199997, 10.000000, 0.000000, 0.000000, 0.000000, 0.000000, 0, 
0.777565, 0.019241, 0, 1, 7.775650, 29.734175, 10.000000, 2.364311, 0.000000, -98.199997, 10.000000, 0.000000, 0.000000, 0.000000, 0.000000, 0, 
0.796216, 0.018651, 0, 1, 7.962160, 29.774855, 10.000000, 2.181158, 0.000000, -98.199997, 10.000000, 0.000000, 0.000000, 0.000000, 0.000000, 0, 
0.814397, 0.018181, 0, 1, 8.143970, 29.811264, 10.000000, 2.002621, 0.000000, -98.199997, 10.000000, 0.000000, 0.000000, 0.000000, 0.000000, 0, 
0.832235, 0.017838, 0, 1, 8.322350, 29.843863, 10.000000, 1.827452, 0.000000, -98.199997, 10.000000, 0.000000, 0.000000, 0.000000, 0.000000, 0, 
0.849851, 0.017616, 0, 1, 8.498509, 29.873007, 10.000000, 1.654463, 0.000000, -98.199997, 10.000000, 0.000000, 0.000000, 0.000000, 0.000000, 0, 
0.867496, 0.017645, 0, 1, 8.674959, 29.899143, 10.000000, 1.481189, 0.000000, -98.199997, 10.000000, 0.000000, 0.000000, 0.000000, 0.000000, 0, 
0.885284, 0.017788, 0, 1, 8.852839, 29.922384, 10.000000, 1.306511, 0.000000, -98.199997, 10.000000, 0.000000, 0.000000, 0.000000, 0.000000, 0, 
0.902948, 0.017664, 0, 1, 9.029479, 29.942398, 10.000000, 1.133050, 0.000000, -98.199997, 10.000000, 0.000000, 0.000000, 0.000000, 0.000000, 0, 
0.922055, 0.019107, 0, 1, 9.220549, 29.960463, 10.000000, 0.945419, 0.000000, -98.199997, 10.000000, 0.000000, 0.000000, 0.000000, 0.000000, 0, 
0.939789, 0.017734, 0, 1, 9.397888, 29.974140, 10.000000, 0.771271, 0.000000, -98.199997, 10.000000, 0.000000, 0.000000, 0.000000, 0.000000, 0, 
0.957615, 0.017826, 0, 1, 9.576148, 29.984768, 10.000000, 0.596220, 0.000000, -98.199997, 10.000000, 0.000000, 0.000000, 0.000000, 0.000000, 0, 
0.975405, 0.017790, 0, 1, 9.754048, 29.992268, 10.000000, 0.421522, 0.000000, -98.199997, 10.000000, 0.000000, 0.000000, 0.000000, 0.000000, 0, 
0.993099, 0.017694, 0, 1, 9.930988, 29.996651, 10.000000, 0.247767, 0.000000, -98.199997, 10.000000, 0.000000, 0.000000, 0.000000, 0.000000, 0, 
1.010625, 0.017526, 0, 1, 10.106248, 29.997976, 10.000000, 0.075662, 0.000000, -98.199997, 10.000000, 0.000000, 0.000000, 0.000000, 0.000000, 0, 
1.028306, 0.017681, 0, 1, 10.283058, 29.996244, 10.000000, -0.097966, 0.000000, -98.199997, 10.000000, 0.000000, 0.000000, 0.000000, 0.000000, 0, 
1.046183, 0.017877, 0, 1, 10.461828, 29.991354, 10.000000, -0.273518, 0.000000, -98.199997, 10.000000, 0.000000, 0.000000, 0.000000, 0.000000, 0, 
1.063781, 0.017598, 0, 1, 10.637808, 29.983500, 10.000000, -0.446330, 0.000000, -98.199997, 10.000000, 0.000000, 0.000000, 0.000000, 0.000000, 0, 
1.082266, 0.018485, 0, 1, 10.822658, 29.971893, 10.000000, -0.627853, 0.000000, -98.199997, 10.000000, 0.000000, 0.000000, 0.000000, 0.000000, 0, 
1.100779, 0.018513, 0, 1, 11.007788, 29.956903, 10.000000, -0.809650, 0.000000, -98.199997, 10.000000, 0.000000, 0.000000, 0.000000, 0.000000, 0, 
1.118498, 0.017719, 0, 1, 11.184978, 29.939474, 10.000000, -0.983651, 0.000000, -98.199997, 10.000000, 0.000000, 0.000000, 0.000000, 0.000000, 0, 
1.136295, 0.017797, 0, 1, 11.362947, 29.918858, 10.000000, -1.158417, 0.000000, -98.199997, 10.000000, 0.000000, 0.000000, 0.000000, 0.000000, 0, 
1.153734, 0.017439, 0, 1, 11.537337, 29.895670, 10.000000, -1.329668, 0.000000, -98.199997, 10.000000, 0.000000, 0.000000, 0.000000, 0.000000, 0, 
1.171575, 0.017841, 0, 1, 11.715747, 29.868822, 10.000000, -1.504867, 0.000000, -98.199997, 10.000000, 0.000000, 0.000000, 0.000000, 0.000000, 0, 
1.190355, 0.018780, 0, 1, 11.903547, 29.837097, 10.000000, -1.689287, 0.000000, -98.199997, 10.000000, 0.000000, 0.000000, 0.000000, 0.000000, 0, 
1.208064, 0.017709, 0, 1, 12.080637, 29.804102, 10.000000, -1.863189, 0.000000, -98.199997, 10.000000, 0.000000, 0.000000, 0.000000, 0.000000, 0, 
1.225493, 0.017429, 0, 1, 12.254927, 29.768646, 10.000000, -2.034342, 0.000000, -98.199997, 10.000000, 0.000000, 0.000000, 0.000000, 0.000000, 0, 
1.243052, 0.017559, 0, 1, 12.430516, 29.729898, 10.000000, -2.206771, 0.000000, -98.199997, 10.000000, 0.000000, 0.000000, 0.000000, 0.000000, 0, 
1.261829, 0.018777, 0, 1, 12.618286, 29.684999, 10.000000, -2.391161, 0.000000, -98.199997, 10.000000, 0.000000, 0.000000, 0.000000, 0.000000, 0, 
1.279496, 0.017667, 0, 1, 12.794956, 29.639690, 10.000000, -2.564651, 0.000000, -98.199997, 10.000000, 0.000000, 0.000000, 0.000000, 0.000000, 0, 
1.297016, 0.017520, 0, 1, 12.970156, 29.591743, 10.000000, -2.736697, 0.000000, -98.199997, 10.000000, 0.000000, 0.000000, 0.000000, 0.000000, 0, 
1.314541, 0.017525, 0, 1, 13.145406, 29.540768, 10.000000, -2.908793, 0.000000, -98.199997, 10.000000, 0.000000, 0.000000, 0.000000, 0.000000, 0, 
1.332168, 0.017627, 0, 1, 13.321676, 29.486443, 10.000000, -3.081890, 0.000000, -98.199997, 10.000000, 0.000000, 0.000000, 0.000000, 0.000000, 0, 
1.349946, 0.017778, 0, 1, 13.499456, 29.428549, 10.000000, -3.256470, 0.000000, -98.199997, 10.000000, 0.000000, 0.000000, 0.000000, 0.000000, 0, 
1.369347, 0.019401, 0, 1, 13.693466, 29.361673, 10.000000, -3.446988, 0.000000, -98.199997, 10.000000, 0.000000, 0.000000, 0.000000, 0.000000, 0, 
1.387276, 0.017929, 0, 1, 13.872756, 29.296715, 10.000000, -3.623051, 0.000000, -98.199997, 10.000000, 0.000000, 0.000000, 0.000000, 0.000000, 0, 
1.404772, 0.017496, 0, 1, 14.047716, 29.230320, 10.000000, -3.794861, 0.000000, -98.199997, 10.000000, 0.000000, 0.000000, 0.000000, 0.000000, 0, 
1.423061, 0.018289, 0, 1, 14.230606, 29.157631, 10.000000, -3.974459, 0.000000, -98.199997, 10.000000, 0.000000, 0.000000, 0.000000, 0.000000, 0, 
1.440823, 0.017762, 0, 1, 14.408226, 29.083939, 10.000000, -4.148882, 0.000000, -98.199997, 10.000000, 0.000000, 0.000000, 0.000000, 0.000000, 0, 
1.458533, 0.017710, 0, 1, 14.585326, 29.007381, 10.000000, -4.322794, 0.000000, -98.199997, 10.000000, 0.000000, 0.000000, 0.000000, 0.000000, 0, 
1.476273, 0.017740, 0, 1, 14.762726, 28.927605, 10.000000, -4.497001, 0.000000, -98.199997, 10.000000, 0.000000, 0.000000, 0.000000, 0.000000, 0, 
1.493862, 0.017589, 0, 1, 14.938616, 28.845469, 10.000000, -4.669724, 0.000000, -98.199997, 10.000000, 0.000000, 0.000000, 0.000000, 0.000000, 0, 
1.511447, 0.017585, 0, 1, 15.114466, 28.760315, 10.000000, -4.842409, 0.000000, -98.199997, 10.000000, 0.000000, 0.000000, 0.000000, 0.000000, 0, 
1.528984, 0.017537, 0, 1, 15.289836, 28.672373, 10.000000, -5.014623, 0.000000, -98.199997, 10.000000, 0.000000, 0.000000, 0.000000, 0.000000, 0, 
1.546493, 0.017509, 0, 1, 15.464926, 28.581562, 10.000000, -5.186561, 0.000000, -98.199997, 10.000000, 0.000000, 0.000000, 0.000000, 0.000000, 0, 
1.563894, 0.017401, 0, 1, 15.638936, 28.488337, 10.000000, -5.357439, 0.000000, -98.199997, 10.000000, 0.000000, 0.000000, 0.000000, 0.000000, 0, 
1.581609, 0.017715, 0, 1, 15.816086, 28.390348, 10.000000, -5.531400, 0.000000, -98.199997, 10.000000, 0.000000, 0.000000, 0.000000, 0.000000, 0, 
1.599870, 0.018261, 0, 1, 15.998695, 28.286064, 10.000000, -5.710723, 0.000000, -98.199997, 10.000000, 0.000000, 0.000000, 0.000000, 0.000000, 0, 
1.617649, 0.017779, 0, 1, 16.176485, 28.181429, 10.000000, -5.885313, 0.000000, -98.199997, 10.000000, 0.000000, 0.000000, 0.000000, 0.000000, 0, 
1.635464, 0.017815, 0, 1, 16.354635, 28.073465, 10.000000, -6.060256, 0.000000, -98.199997, 10.000000, 0.000000, 0.000000, 0.000000, 0.000000, 0, 
1.653971, 0.018507, 0, 1, 16.539705, 27.957945, 10.000000, -6.241995, 0.000000, -98.199997, 10.000000, 0.000000, 0.000000, 0.000000, 0.000000, 0, 
1.671886, 0.017915, 0, 1, 16.718855, 27.842968, 10.000000, -6.417921, 0.000000, -98.199997, 10.000000, 0.000000, 0.000000, 0.000000, 0.000000, 0, 
1.689432, 0.017546, 0, 1, 16.894316, 27.727337, 10.000000, -6.590222, 0.000000, -98.199997, 10.000000, 0.000000, 0.000000, 0.000000, 0.000000, 0, 
1.706907, 0.017475, 0, 1, 17.069065, 27.609175, 10.000000, -6.761827, 0.000000, -98.199997, 10.000000, 0.000000, 0.000000, 0.000000, 0.000000, 0, 
1.724696, 0.017789, 0, 1, 17.246956, 27.485781, 10.000000, -6.936515, 0.000000, -98.199997, 10.000000, 0.000000, 0.000000, 0.000000, 0.000000, 0, 
1.742400, 0.017704, 0, 1, 17.423996, 27.359900, 10.000000, -7.110368, 0.000000, -98.199997, 10.000000, 0.000000, 0.000000, 0.000000, 0.000000, 0, 
1.761009, 0.018609, 0, 1, 17.610086, 27.224182, 10.000000, -7.293108, 0.000000, -98.199997, 10.000000, 0.000000, 0.000000, 0.000000, 0.000000, 0, 
1.778778, 0.017769, 0, 1, 17.787777, 27.091490, 10.000000, -7.467600, 0.000000, -98.199997, 10.000000, 0.000000, 0.000000, 0.000000, 0.000000, 0, 
1.796480, 0.017702, 0, 1, 17.964796, 26.956221, 10.000000, -7.641434, 0.000000, -98.199997, 10.000000, 0.000000, 0.000000, 0.000000, 0.000000, 0, 
1.813865, 0.017385, 0, 1, 18.138645, 26.820406, 10.000000, -7.812154, 0.000000, -98.199997, 10.000000, 0.000000, 0.000000, 0.000000, 0.000000, 0, 
1.831507, 0.017642, 0, 1, 18.315065, 26.679527, 10.000000, -7.985399, 0.000000, -98.199997, 10.000000, 0.000000, 0.000000, 0.000000, 0.000000, 0, 
1.849066, 0.017559, 0, 1, 18.490656, 26.536283, 10.000000, -8.157828, 0.000000, -98.199997, 10.000000, 0.000000, 0.000000, 0.000000, 0.000000, 0, 
1.866434, 0.017368, 0, 1, 18.664335, 26.391636, 10.000000, -8.328382, 0.000000, -98.199997, 10.000000, 0.000000, 0.000000, 0.000000, 0.000000, 0, 
1.883915, 0.017481, 0, 1, 18.839146, 26.243046, 10.000000, -8.500046, 0.000000, -98.199997, 10.000000, 0.000000, 0.000000, 0.000000, 0.000000, 0, 
1.901308, 0.017393, 0, 1, 19.013075, 26.092234, 10.000000, -8.670845, 0.000000, -98.199997, 10.000000, 0.000000, 0.000000, 0.000000, 0.000000, 0, 
1.918777, 0.017469, 0, 1, 19.187765, 25.937765, 10.000000, -8.842391, 0.000000, -98.199997, 10.000000, 0.000000, 0.000000, 0.000000, 0.000000, 0, 
1.937354, 0.018577, 0, 1, 19.373535, 25.770111, 10.000000, -9.024817, 0.000000, -98.199997, 10.000000, 0.000000, 0.000000, 0.000000, 0.000000, 0, 
1.956949, 0.019595, 0, 1, 19.569485, 25.589499, 10.000000, -9.217240, 0.000000, -98.199997, 10.000000, 0.000000, 0.000000, 0.000000, 0.000000, 0, 
1.974601, 0.017652, 0, 1, 19.746004, 25.423737, 10.000000, -9.390583, 0.000000, -98.199997, 10.000000, 0.000000, 0.000000, 0.000000, 0.000000, 0, 
1.992210, 0.017609, 0, 1, 19.922094, 25.255333, 10.000000, -9.563503, 0.000000, -98.199997, 10.000000, 0.000000, 0.000000, 0.000000, 0.000000, 0, 
2.009702, 0.017492, 0, 1, 20.097013, 25.085043, 10.000000, -9.735274, 0.000000, -98.199997, 10.000000, 0.000000, 0.000000, 0.000000, 0.000000, 0, 
2.027394, 0.017692, 0, 1, 20.273933, 24.909733, 10.000000, -9.909010, 0.000000, -98.199997, 10.000000, 0.000000, 0.000000, 0.000000, 0.000000, 0, 
2.044931, 0.017537, 0, 1, 20.449303, 24.732939, 10.000000, -10.081223, 0.000000, -98.199997, 10.000000, 0.000000, 0.000000, 0.000000, 0.000000, 0, 
2.062368, 0.017437, 0, 1, 20.623672, 24.554167, 10.000000, -10.252455, 0.000000, -98.199997, 10.000000, 0.000000, 0.000000, 0.000000, 0.000000, 0, 
2.079847, 0.017479, 0, 1, 20.798462, 24.371964, 10.000000, -10.424099, 0.000000, -98.199997, 10.000000, 0.000000, 0.000000, 0.000000, 0.000000, 0, 
2.097384, 0.017537, 0, 1, 20.973831, 24.186136, 10.000000, -10.596313, 0.000000, -98.199997, 10.000000, 0.000000, 0.000000, 0.000000, 0.000000, 0, 
2.115337, 0.017953, 0, 1, 21.153360, 23.992735, 10.000000, -10.772611, 0.000000, -98.199997, 10.000000, 0.000000, 0.000000, 0.000000, 0.000000, 0, 
2.132954, 0.017617, 0, 1, 21.329531, 23.799906, 10.000000, -10.945610, 0.000000, -98.199997, 10.000000, 0.000000, 0.000000, 0.000000, 0.000000, 0, 
2.150664, 0.017710, 0, 1, 21.506630, 23.602980, 10.000000, -11.119522, 0.000000, -98.199997, 10.000000, 0.000000, 0.000000, 0.000000, 0.000000, 0, 
2.168198, 0.017534, 0, 1, 21.681971, 23.404991, 10.000000, -11.291706, 0.000000, -98.199997, 10.000000, 0.000000, 0.000000, 0.000000, 0.000000, 0, 
2.185950, 0.017752, 0, 1, 21.859491, 23.201447, 10.000000, -11.466031, 0.000000, -98.199997, 10.000000, 0.000000, 0.000000, 0.000000, 0.000000, 0, 
2.203894, 0.017944, 0, 1, 22.038931, 22.992538, 10.000000, -11.642241, 0.000000, -98.199997, 10.000000, 0.000000, 0.000000, 0.000000, 0.000000, 0, 
2.221810, 0.017916, 0, 1, 22.218090, 22.780804, 10.000000, -11.818176, 0.000000, -98.199997, 10.000000, 0.000000, 0.000000, 0.000000, 0.000000, 0, 
2.239556, 0.017746, 0, 1, 22.395550, 22.567986, 10.000000, -11.992442, 0.000000, -98.199997, 10.000000, 0.000000, 0.000000, 0.000000, 0.000000, 0, 
2.257755, 0.018199, 0, 1, 22.577539, 22.346483, 10.000000, -12.171156, 0.000000, -98.199997, 10.000000, 0.000000, 0.000000, 0.000000, 0.000000, 0, 
2.276965, 0.019210, 0, 1, 22.769640, 22.109051, 10.000000, -12.359798, 0.000000, -98.199997, 10.000000, 0.000000, 0.000000, 0.000000, 0.000000, 0, 
2.294829, 0.017864, 0, 1, 22.948280, 21.885122, 10.000000, -12.535223, 0.000000, -98.199997, 10.000000, 0.000000, 0.000000, 0.000000, 0.000000, 0, 
2.312622, 0.017793, 0, 1, 23.126211, 21.658974, 10.000000, -12.709950, 0.000000, -98.199997, 10.000000, 0.000000, 0.000000, 0.000000, 0.000000, 0, 
2.330278, 0.017656, 0, 1, 23.302771, 21.431505, 10.000000, -12.883332, 0.000000, -98.199997, 10.000000, 0.000000, 0.000000, 0.000000, 0.000000, 0, 
2.347870, 0.017592, 0, 1, 23.478691, 21.201822, 10.000000, -13.056086, 0.000000, -98.199997, 10.000000, 0.000000, 0.000000, 0.000000, 0.000000, 0, 
2.365566, 0.017696, 0, 1, 23.655651, 20.967707, 10.000000, -13.229860, 0.000000, -98.199997, 10.000000, 0.000000, 0.000000, 0.000000, 0.000000, 0, 
2.383068, 0.017502, 0, 1, 23.830671, 20.733150, 10.000000, -13.401730, 0.000000, -98.199997, 10.000000, 0.000000, 0.000000, 0.000000, 0.000000, 0, 
2.400681, 0.017613, 0, 1, 24.006802, 20.494059, 10.000000, -13.574689, 0.000000, -98.199997, 10.000000, 0.000000, 0.000000, 0.000000, 0.000000, 0, 
2.419690, 0.019009, 0, 1, 24.196892, 20.232470, 10.000000, -13.761357, 0.000000, -98.199997, 10.000000, 0.000000, 0.000000, 0.000000, 0.000000, 0, 
2.439536, 0.019846, 0, 1, 24.395351, 19.955494, 10.000000, -13.956245, 0.000000, -98.199997, 10.000000, 0.000000, 0.000000, 0.000000, 0.000000, 0, 
2.457895, 0.018359, 0, 1, 24.578941, 19.695961, 10.000000, -14.136531, 0.000000, -98.199997, 10.000000, 0.000000, 0.000000, 0.000000, 0.000000, 0, 
2.475630, 0.017735, 0, 1, 24.756290, 19.442162, 10.000000, -14.310689, 0.000000, -98.199997, 10.000000, 0.000000, 0.000000, 0.000000, 0.000000, 0, 
2.493768, 0.018138, 0, 1, 24.937670, 19.179363, 10.000000, -14.488804, 0.000000, -98.199997, 10.000000, 0.000000, 0.000000, 0.000000, 0.000000, 0, 
2.511299, 0.017531, 0, 1, 25.112980, 18.922342, 10.000000, -14.660958, 0.000000, -98.199997, 10.000000, 0.000000, 0.000000, 0.000000, 0.000000, 0, 
2.528888, 0.017589, 0, 1, 25.288870, 18.661432, 10.000000, -14.833682, 0.000000, -98.199997, 10.000000, 0.000000, 0.000000, 0.000000, 0.000000, 0, 
2.548406, 0.019518, 0, 1, 25.484051, 18.368168, 10.000000, -15.025349, 0.000000, -98.199997, 10.000000, 0.000000, 0.000000, 0.000000, 0.000000, 0, 
2.566922, 0.018516, 0, 1, 25.669210, 18.086592, 10.000000, -15.207176, 0.000000, -98.199997, 10.000000, 0.000000, 0.000000, 0.000000, 0.000000, 0, 
2.584642, 0.017720, 0, 1, 25.846411, 17.814037, 10.000000, -15.381186, 0.000000, -98.199997, 10.000000, 0.000000, 0.000000, 0.000000, 0.000000, 0, 
2.603004, 0.018362, 0, 1, 26.030031, 17.528297, 10.000000, -15.561502, 0.000000, -98.199997, 10.000000, 0.000000, 0.000000, 0.000000, 0.000000, 0, 
2.620814, 0.017810, 0, 1, 26.208132, 17.248032, 10.000000, -15.736396, 0.000000, -98.199997, 10.000000, 0.000000, 0.000000, 0.000000, 0.000000, 0, 
2.638579, 0.017765, 0, 1, 26.385782, 16.965376, 10.000000, -15.910849, 0.000000, -98.199997, 10.000000, 0.000000, 0.000000, 0.000000, 0.000000, 0, 
2.656970, 0.018391, 0, 1, 26.569693, 16.669437, 10.000000, -16.091448, 0.000000, -98.199997, 10.000000, 0.000000, 0.000000, 0.000000, 0.000000, 0, 
2.674821, 0.017851, 0, 1, 26.748203, 16.379059, 10.000000, -16.266745, 0.000000, -98.199997, 10.000000, 0.000000, 0.000000, 0.000000, 0.000000, 0, 
2.692680, 0.017859, 0, 1, 26.926794, 16.085419, 10.000000, -16.442120, 0.000000, -98.199997, 10.000000, 0.000000, 0.000000, 0.000000, 0.000000, 0, 
2.710332, 0.017652, 0, 1, 27.103313, 15.792123, 10.000000, -16.615461, 0.000000, -98.199997, 10.000000, 0.000000, 0.000000, 0.000000, 0.000000, 0, 
2.727929, 0.017597, 0, 1, 27.279284, 15.496699, 10.000000, -16.788263, 0.000000, -98.199997, 10.000000, 0.000000, 0.000000, 0.000000, 0.000000, 0, 
2.745522, 0.017593, 0, 1, 27.455214, 15.198304, 10.000000, -16.961027, 0.000000, -98.199997, 10.000000, 0.000000, 0.000000, 0.000000, 0.000000, 0, 
2.763284, 0.017762, 0, 1, 27.632833, 14.893945, 10.000000, -17.135450, 0.000000, -98.199997, 10.000000, 0.000000, 0.000000, 0.000000, 0.000000, 0, 
2.782696, 0.019412, 0, 1, 27.826954, 14.557611, 10.000000, -17.326077, 0.000000, -98.199997, 10.000000, 0.000000, 0.000000, 0.000000, 0.000000, 0, 
2.800333, 0.017637, 0, 1, 28.003325, 14.248976, 10.000000, -17.499271, 0.000000, -98.199997, 10.000000, 0.000000, 0.000000, 0.000000, 0.000000, 0, 
2.817810, 0.017477, 0, 1, 28.178095, 13.940142, 10.000000, -17.670895, 0.000000, -98.199997, 10.000000, 0.000000, 0.000000, 0.000000, 0.000000, 0, 
2.835338, 0.017528, 0, 1, 28.353374, 13.627389, 10.000000, -17.843019, 0.000000, -98.199997, 10.000000, 0.000000, 0.000000, 0.000000, 0.000000, 0, 
2.852854, 0.017516, 0, 1, 28.528534, 13.311838, 10.000000, -18.015026, 0.000000, -98.199997, 10.000000, 0.000000, 0.000000, 0.000000, 0.000000, 0, 
2.870479, 0.017625, 0, 1, 28.704784, 12.991273, 10.000000, -18.188103, 0.000000, -98.199997, 10.000000, 0.000000, 0.000000, 0.000000, 0.000000, 0, 
2.888201, 0.017722, 0, 1, 28.882004, 12.665859, 10.000000, -18.362133, 0.000000, -98.199997, 10.000000, 0.000000, 0.000000, 0.000000, 0.000000, 0, 
2.905778, 0.017577, 0, 1, 29.057774, 12.340075, 10.000000, -18.534739, 0.000000, -98.199997, 10.000000, 0.000000, 0.000000, 0.000000, 0.000000, 0, 
2.923603, 0.017825, 0, 1, 29.236023, 12.006573, 10.000000, -18.709780, 0.000000, -98.199997, 10.000000, 0.000000, 0.000000, 0.000000, 0.000000, 0, 
2.942618, 0.019015, 0, 1, 29.426172, 11.647256, 10.000000, -18.896507, 0.000000, -98.199997, 10.000000, 0.000000, 0.000000, 0.000000, 0.000000, 0, 
2.960482, 0.017864, 0, 1, 29.604813, 11.306555, 10.000000, -19.071932, 0.000000, -98.199997, 10.000000, 0.000000, 0.000000, 0.000000, 0.000000, 0, 
2.978318, 0.017836, 0, 1, 29.783173, 10.963264, 10.000000, -19.247082, 0.000000, -98.199997, 10.000000, 0.000000, 0.000000, 0.000000, 0.000000, 0, 
2.996096, 0.017778, 0, 1, 29.960953, 10.617985, 10.000000, -19.421661, 0.000000, -98.199997, 10.000000, 0.000000, 0.000000, 0.000000, 0.000000, 0, 
3.014164, 0.018068, 0, 1, 30.141632, 10.263868, 10.000000, -19.599089, 0.000000, -98.199997, 10.000000, 0.000000, 0.000000, 0.000000, 0.000000, 0, 
3.033077, 0.018913, 0, 1, 30.330763, 9.889678, 10.000000, -19.784815, 0.000000, -98.199997, 10.000000, 0.000000, 0.000000, 0.000000, 0.000000, 0, 
3.051730, 0.018653, 0, 1, 30.517292, 9.517215, 10.000000, -19.967987, 0.000000, -98.199997, 10.000000, 0.000000, 0.000000, 0.000000, 0.000000, 0, 
3.069619, 0.017889, 0, 1, 30.696182, 9.156865, 10.000000, -20.143658, 0.000000, -98.199997, 10.000000, 0.000000, 0.000000, 0.000000, 0.000000, 0, 
3.087016, 0.017397, 0, 1, 30.870152, 8.803453, 10.000000, -20.314497, 0.000000, -98.199997, 10.000000, 0.000000, 0.000000, 0.000000, 0.000000, 0, 
3.106492, 0.019476, 0, 1, 31.064911, 8.404083, 10.000000, -20.505751, 0.000000, -98.199997, 10.000000, 0.000000, 0.000000, 0.000000, 0.000000, 0, 
3.124482, 0.017990, 0, 1, 31.244810, 8.032006, 10.000000, -20.682413, 0.000000, -98.199997, 10.000000, 0.000000, 0.000000, 0.000000, 0.000000, 0, 
3.143492, 0.019010, 0, 1, 31.434910, 7.635285, 10.000000, -20.869091, 0.000000, -98.199997, 10.000000, 0.000000, 0.000000, 0.000000, 0.000000, 0, 
3.161434, 0.017942, 0, 1, 31.614330, 7.257690, 10.000000, -21.045282, 0.000000, -98.199997, 10.000000, 0.000000, 0.000000, 0.000000, 0.000000, 0, 
3.179370, 0.017936, 0, 1, 31.793690, 6.877063, 10.000000, -21.221415, 0.000000, -98.199997, 10.000000, 0.000000, 0.000000, 0.000000, 0.000000, 0, 
3.197130, 0.017760, 0, 1, 31.971291, 6.497074, 10.000000, -21.395817, 0.000000, -98.199997, 10.000000, 0.000000, 0.000000, 0.000000, 0.000000, 0, 
3.215103, 0.017973, 0, 1, 32.151020, 6.109354, 10.000000, -21.572311, 0.000000, -98.199997, 10.000000, 0.000000, 0.000000, 0.000000, 0.000000, 0, 
3.232763, 0.017660, 0, 1, 32.327621, 5.725325, 10.000000, -21.745733, 0.000000, -98.199997, 10.000000, 0.000000, 0.000000, 0.000000, 0.000000, 0, 
3.251555, 0.018792, 0, 1, 32.515541, 5.313211, 10.000000, -21.930271, 0.000000, -98.199997, 10.000000, 0.000000, 0.000000, 0.000000, 0.000000, 0, 
3.269507, 0.017952, 0, 1, 32.695061, 4.916354, 10.000000, -22.106560, 0.000000, -98.199997, 10.000000, 0.000000, 0.000000, 0.000000, 0.000000, 0, 
3.288542, 0.019035, 0, 1, 32.885410, 4.491998, 10.000000, -22.293484, 0.000000, -98.199997, 10.000000, 0.000000, 0.000000, 0.000000, 0.000000, 0, 
3.306409, 0.017867, 0, 1, 33.064079, 4.090545, 10.000000, -22.468937, 0.000000, -98.199997, 10.000000, 0.000000, 0.000000, 0.000000, 0.000000, 0, 
3.324480, 0.018071, 0, 1, 33.244789, 3.681302, 10.000000, -22.646395, 0.000000, -98.199997, 10.000000, 0.000000, 0.000000, 0.000000, 0.000000, 0, 
3.342220, 0.017740, 0, 1, 33.422188, 3.276464, 10.000000, -22.820602, 0.000000, -98.199997, 10.000000, 0.000000, 0.000000, 0.000000, 0.000000, 0, 
3.359969, 0.017749, 0, 1, 33.599678, 2.868328, 10.000000, -22.994898, 0.000000, -98.199997, 10.000000, 0.000000, 0.000000, 0.000000, 0.000000, 0, 
3.377850, 0.017881, 0, 1, 33.778488, 2.454017, 10.000000, -23.170488, 0.000000, -98.199997, 10.000000, 0.000000, 0.000000, 0.000000, 0.000000, 0, 
3.395784, 0.017934, 0, 1, 33.957829, 2.035319, 10.000000, -23.346600, 0.000000, -98.199997, 10.000000, 0.000000, 0.000000, 0.000000, 0.000000, 0, 
3.414011, 0.018227, 0, 1, 34.140099, 1.606518, 10.000000, -23.525589, 0.000000, -98.199997, 10.000000, 0.000000, 0.000000, 0.000000, 0.000000, 0, 
3.431788, 0.017777, 0, 1, 34.317867, 1.185200, 10.000000, -23.700159, 0.000000, -98.199997, 10.000000, 0.000000, 0.000000, 0.000000, 0.000000, 0, 
3.450638, 0.018850, 0, 1, 34.506367, 0.734963, 10.000000, -23.885265, 0.000000, -98.199997, 10.000000, 0.000000, 0.000000, 0.000000, 0.000000, 0, 
3.468732, 0.018094, 0, 1, 34.687305, 0.299568, 10.000000, -24.062948, 0.000000, -98.199997, 10.000000, 0.000000, 0.000000, 0.000000, 0.000000, 0, 
3.486901, 0.018169, 0, 1, 34.868996, -0.140873, 10.000000, -24.241367, 0.000000, -98.199997, 10.000000, 0.000000, 0.000000, 0.000000, 0.000000, 0, 
3.505232, 0.018331, 0, 1, 35.052307, -0.588542, 10.000000, -24.421377, 0.000000, -98.199997, 10.000000, 0.000000, 0.000000, 0.000000, 0.000000, 0, 
3.523526, 0.018294, 0, 1, 35.235249, -1.038593, 10.000000, -24.601025, 0.000000, -98.199997, 10.000000, 0.000000, 0.000000, 0.000000, 0.000000, 0, 
3.541943, 0.018417, 0, 1, 35.419418, -1.495001, 10.000000, -24.781879, 0.000000, -98.199997, 10.000000, 0.000000, 0.000000, 0.000000, 0.000000, 0, 
3.560771, 0.018828, 0, 1, 35.607697, -1.965075, 10.000000, -24.966770, 0.000000, -98.199997, 10.000000, 0.000000, 0.000000, 0.000000, 0.000000, 0, 
3.578605, 0.017834, 0, 1, 35.786037, -2.413456, 10.000000, -25.141899, 0.000000, -98.199997, 10.000000, 0.000000, 0.000000, 0.000000, 0.000000, 0, 
3.596648, 0.018043, 0, 1, 35.966469, -2.870288, 10.000000, -25.319082, 0.000000, -98.199997, 10.000000, 0.000000, 0.000000, 0.000000, 0.000000, 0, 
3.616071, 0.019423, 0, 1, 36.160698, -3.365765, 10.000000, -25.509815, 0.000000, -98.199997, 10.000000, 0.000000, 0.000000, 0.000000, 0.000000, 0, 
3.634583, 0.018512, 0, 1, 36.345818, -3.841368, 10.000000, -25.691603, 0.000000, -98.199997, 10.000000, 0.000000, 0.000000, 0.000000, 0.000000, 0, 
3.653506, 0.018923, 0, 1, 36.535049, -4.331047, 10.000000, -25.877426, 0.000000, -98.199997, 10.000000, 0.000000, 0.000000, 0.000000, 0.000000, 0, 
3.671475, 0.017969, 0, 1, 36.714741, -4.799209, 10.000000, -26.053883, 0.000000, -98.199997, 10.000000, 0.000000, 0.000000, 0.000000, 0.000000, 0, 
3.689530, 0.018055, 0, 1, 36.895290, -5.272813, 10.000000, -26.231182, 0.000000, -98.199997, 10.000000, 0.000000, 0.000000, 0.000000, 0.000000, 0, 
3.707678, 0.018148, 0, 1, 37.076771, -5.752090, 10.000000, -26.409395, 0.000000, -98.199997, 10.000000, 0.000000, 0.000000, 0.000000, 0.000000, 0, 
3.725573, 0.017895, 0, 1, 37.255722, -6.227831, 10.000000, -26.585125, 0.000000, -98.199997, 10.000000, 0.000000, 0.000000, 0.000000, 0.000000, 0, 
3.744716, 0.019143, 0, 1, 37.447151, -6.740349, 10.000000, -26.773109, 0.000000, -98.199997, 10.000000, 0.000000, 0.000000, 0.000000, 0.000000, 0, 
3.762436, 0.017720, 0, 1, 37.624352, -7.217852, 10.000000, -26.947121, 0.000000, -98.199997, 10.000000, 0.000000, 0.000000, 0.000000, 0.000000, 0, 
3.780618, 0.018182, 0, 1, 37.806171, -7.711051, 10.000000, -27.125668, 0.000000, -98.199997, 10.000000, 0.000000, 0.000000, 0.000000, 0.000000, 0, 
3.800029, 0.019411, 0, 1, 38.000282, -8.241287, 10.000000, -27.316284, 0.000000, -98.199997, 10.000000, 0.000000, 0.000000, 0.000000, 0.000000, 0, 
3.818086, 0.018057, 0, 1, 38.180851, -8.737740, 10.000000, -27.493605, 0.000000, -98.199997, 10.000000, 0.000000, 0.000000, 0.000000, 0.000000, 0, 
3.836503, 0.018417, 0, 1, 38.365021, -9.247420, 10.000000, -27.674459, 0.000000, -98.199997, 10.000000, 0.000000, 0.000000, 0.000000, 0.000000, 0, 
3.854628, 0.018125, 0, 1, 38.546272, -9.752246, 10.000000, -27.852448, 0.000000, -98.199997, 10.000000, 0.000000, 0.000000, 0.000000, 0.000000, 0, 
3.872499, 0.017871, 0, 1, 38.724983, -10.253133, 10.000000, -28.027941, 0.000000, -98.199997, 10.000000, 0.000000, 0.000000, 0.000000, 0.000000, 0, 
3.890276, 0.017777, 0, 1, 38.902752, -10.754489, 10.000000, -28.202511, 0.000000, -98.199997, 10.000000, 0.000000, 0.000000, 0.000000, 0.000000, 0, 
3.908082, 0.017806, 0, 1, 39.080811, -11.259776, 10.000000, -28.377365, 0.000000, -98.199997, 10.000000, 0.000000, 0.000000, 0.000000, 0.000000, 0, 
3.925874, 0.017792, 0, 1, 39.258732, -11.767775, 10.000000, -28.552082, 0.000000, -98.199997, 10.000000, 0.000000, 0.000000, 0.000000, 0.000000, 0, 
3.943503, 0.017629, 0, 1, 39.435020, -12.274171, 10.000000, -28.725199, 0.000000, -98.199997, 10.000000, 0.000000, 0.000000, 0.000000, 0.000000, 0, 
3.962704, 0.019201, 0, 1, 39.627029, -12.829344, 10.000000, -28.913754, 0.000000, -98.199997, 10.000000, 0.000000, 0.000000, 0.000000, 0.000000, 0, 
3.980571, 0.017867, 0, 1, 39.805698, -13.349081, 10.000000, -29.089207, 0.000000, -98.199997, 10.000000, 0.000000, 0.000000, 0.000000, 0.000000, 0, 
3.998246, 0.017675, 0, 1, 39.982449, -13.866301, 10.000000, -29.262775, 0.000000, -98.199997, 10.000000, 0.000000, 0.000000, 0.000000, 0.000000, 0, 
4.016000, 0.017754, 0, 1, 40.159988, -14.388927, 10.000000, -29.437120, 0.000000, -98.199997, 10.000000, 0.000000, 0.000000, 0.000000, 0.000000, 0, 
4.033698, 0.017698, 0, 1, 40.336967, -14.912981, 10.000000, -29.610914, 0.000000, -98.199997, 10.000000, 0.000000, 0.000000, 0.000000, 0.000000, 0, 
4.051398, 0.017700, 0, 1, 40.513966, -15.440170, 10.000000, -29.784729, 0.000000, -98.199997, 10.000000, 0.000000, 0.000000, 0.000000, 0.000000, 0, 
4.068945, 0.017547, 0, 1, 40.689434, -15.965826, 10.000000, -29.957041, 0.000000, -98.199997, 10.000000, 0.000000, 0.000000, 0.000000, 0.000000, 0, 
4.086496, 0.017551, 0, 1, 40.864944, -16.494627, 10.000000, -30.129391, 0.000000, -98.199997, 10.000000, 0.000000, 0.000000, 0.000000, 0.000000, 0, 
4.105752, 0.019256, 0, 1, 41.057503, -17.078440, 10.000000, -30.318485, 0.000000, -98.199997, 10.000000, 0.000000, 0.000000, 0.000000, 0.000000, 0, 
4.124783, 0.019031, 0, 1, 41.247814, -17.658987, 10.000000, -30.505369, 0.000000, -98.199997, 10.000000, 0.000000, 0.000000, 0.000000, 0.000000, 0, 
4.142563, 0.017780, 0, 1, 41.425613, -18.204477, 10.000000, -30.679968, 0.000000, -98.199997, 10.000000, 0.000000, 0.000000, 0.000000, 0.000000, 0, 
4.159990, 0.017427, 0, 1, 41.599884, -18.742119, 10.000000, -30.851101, 0.000000, -98.199997, 10.000000, 0.000000, 0.000000, 0.000000, 0.000000, 0, 
4.177552, 0.017562, 0, 1, 41.775505, -19.286955, 10.000000, -31.023560, 0.000000, -98.199997, 10.000000, 0.000000, 0.000000, 0.000000, 0.000000, 0, 
4.195174, 0.017622, 0, 1, 41.951725, -19.836702, 10.000000, -31.196608, 0.000000, -98.199997, 10.000000, 0.000000, 0.000000, 0.000000, 0.000000, 0, 
4.212806, 0.017632, 0, 1, 42.128044, -20.389814, 10.000000, -31.369753, 0.000000, -98.199997, 10.000000, 0.000000, 0.000000, 0.000000, 0.000000, 0, 
4.230422, 0.017616, 0, 1, 42.304203, -20.945471, 10.000000, -31.542742, 0.000000, -98.199997, 10.000000, 0.000000, 0.000000, 0.000000, 0.000000, 0, 
4.247965, 0.017544, 0, 1, 42.479645, -21.501879, 10.000000, -31.715023, 0.000000, -98.199997, 10.000000, 0.000000, 0.000000, 0.000000, 0.000000, 0, 
4.265596, 0.017631, 0, 1, 42.655956, -22.064098, 10.000000, -31.888159, 0.000000, -98.199997, 10.000000, 0.000000, 0.000000, 0.000000, 0.000000, 0, 
4.283428, 0.017832, 0, 1, 42.834278, -22.635851, 10.000000, -32.063271, 0.000000, -98.199997, 10.000000, 0.000000, 0.000000, 0.000000, 0.000000, 0, 
4.302494, 0.019066, 0, 1, 43.024937, -23.250738, 10.000000, -32.250500, 0.000000, -98.199997, 10.000000, 0.000000, 0.000000, 0.000000, 0.000000, 0, 
4.320410, 0.017916, 0, 1, 43.204098, -23.831690, 10.000000, -32.426434, 0.000000, -98.199997, 10.000000, 0.000000, 0.000000, 0.000000, 0.000000, 0, 
4.339379, 0.018969, 0, 1, 43.393787, -24.450321, 10.000000, -32.612709, 0.000000, -98.199997, 10.000000, 0.000000, 0.000000, 0.000000, 0.000000, 0, 
4.357333, 0.017954, 0, 1, 43.573326, -25.039015, 10.000000, -32.789017, 0.000000, -98.199997, 10.000000, 0.000000, 0.000000, 0.000000, 0.000000, 0, 
4.374982, 0.017649, 0, 1, 43.749817, -25.620768, 10.000000, -32.962330, 0.000000, -98.199997, 10.000000, 0.000000, 0.000000, 0.000000, 0.000000, 0, 
4.392479, 0.017497, 0, 1, 43.924786, -26.200516, 10.000000, -33.134151, 0.000000, -98.199997, 10.000000, 0.000000, 0.000000, 0.000000, 0.000000, 0, 
4.409895, 0.017416, 0, 1, 44.098946, -26.780560, 10.000000, -33.305176, 0.000000, -98.199997, 10.000000, 0.000000, 0.000000, 0.000000, 0.000000, 0, 
4.427478, 0.017583, 0, 1, 44.274776, -27.369200, 10.000000, -33.477840, 0.000000, -98.199997, 10.000000, 0.000000, 0.000000, 0.000000, 0.000000, 0, 
4.445138, 0.017659, 0, 1, 44.451366, -27.963448, 10.000000, -33.651253, 0.000000, -98.199997, 10.000000, 0.000000, 0.000000, 0.000000, 0.000000, 0, 
4.463680, 0.018543, 0, 1, 44.636795, -28.590818, 10.000000, -33.833344, 0.000000, -98.199997, 10.000000, 0.000000, 0.000000, 0.000000, 0.000000, 0, 
4.481486, 0.017806, 0, 1, 44.814854, -29.196369, 10.000000, -34.008198, 0.000000, -98.199997, 10.000000, 0.000000, 0.000000, 0.000000, 0.000000, 0, 
4.498152, 0.016666, 0, 1, 44.981514, -29.765877, 10.000000, -34.171860, 0.000000, -98.199997, 10.000000, 0.000000, 0.000000, 0.000000, 0.000000, 0, 
4.537901, 0.039749, 0, 1, 45.379005, -31.139688, 10.000000, -34.562195, 0.000000, -98.199997, 10.000000, 0.000000, 0.000000, 0.000000, 0.000000, 0, 
