GLOBALTIME, DELTATIME, ID, STATE, POS_x, POS_y, VEL_x, VEL_y, FR_x, FR_y, MASS, ROTATION(DEGREES), FRICTIONCOEF.., RESTITUTIONCOEF.., AIR DRAG COEF..,  use air resistance
0.171414, 0.171414, 0, 1, 1.659047, 26.370508, 9.678598, 7.995313, -9.374998, -58.474998, 5.000000, 0.000000, 0.500000, 0.500000, 0.150000, 1, 
0.196776, 0.025362, 0, 1, 1.903461, 26.566097, 9.637020, 7.711912, -8.196913, -55.871323, 5.000000, 0.000000, 0.500000, 0.500000, 0.150000, 1, 
0.215361, 0.018585, 0, 1, 2.082008, 26.705585, 9.607015, 7.505395, -8.072490, -55.559914, 5.000000, 0.000000, 0.500000, 0.500000, 0.150000, 1, 
0.234262, 0.018901, 0, 1, 2.263019, 26.843491, 9.576818, 7.296196, -7.988178, -55.340694, 5.000000, 0.000000, 0.500000, 0.500000, 0.150000, 1, 
0.253519, 0.019257, 0, 1, 2.446853, 26.979904, 9.546360, 7.083889, -7.908158, -55.124912, 5.000000, 0.000000, 0.500000, 0.500000, 0.150000, 1, 
0.272568, 0.019049, 0, 1, 2.628134, 27.110861, 9.516520, 6.874684, -7.832450, -54.912079, 5.000000, 0.000000, 0.500000, 0.500000, 0.150000, 1, 
0.294239, 0.021671, 0, 1, 2.833637, 27.254704, 9.482872, 6.637568, -7.763208, -54.708099, 5.000000, 0.000000, 0.500000, 0.500000, 0.150000, 1, 
0.318102, 0.023863, 0, 1, 3.059051, 27.406891, 9.446166, 6.377541, -7.691031, -54.483364, 5.000000, 0.000000, 0.500000, 0.500000, 0.150000, 1, 
0.344461, 0.026359, 0, 1, 3.306983, 27.567459, 9.405998, 6.091577, -7.619404, -54.244209, 5.000000, 0.000000, 0.500000, 0.500000, 0.150000, 1, 
0.368335, 0.023874, 0, 1, 3.530681, 27.706736, 9.369951, 5.833789, -7.549413, -53.989201, 5.000000, 0.000000, 0.500000, 0.500000, 0.150000, 1, 
0.393655, 0.025320, 0, 1, 3.766968, 27.847553, 9.332003, 5.561519, -7.493875, -53.765732, 5.000000, 0.000000, 0.500000, 0.500000, 0.150000, 1, 
0.416483, 0.022828, 0, 1, 3.979223, 27.968931, 9.298023, 5.317098, -7.442542, -53.535473, 5.000000, 0.000000, 0.500000, 0.500000, 0.150000, 1, 
0.440419, 0.023936, 0, 1, 4.200933, 28.090090, 9.262587, 5.061781, -7.402466, -53.333118, 5.000000, 0.000000, 0.500000, 0.500000, 0.150000, 1, 
0.461111, 0.020692, 0, 1, 4.391963, 28.190279, 9.232102, 4.841927, -7.366185, -53.125443, 5.000000, 0.000000, 0.500000, 0.500000, 0.150000, 1, 
0.483698, 0.022587, 0, 1, 4.599740, 28.294241, 9.198949, 4.602735, -7.339119, -52.949120, 5.000000, 0.000000, 0.500000, 0.500000, 0.150000, 1, 
0.503402, 0.019704, 0, 1, 4.780428, 28.380836, 9.170127, 4.394820, -7.313610, -52.759396, 5.000000, 0.000000, 0.500000, 0.500000, 0.150000, 1, 
0.520856, 0.017454, 0, 1, 4.940039, 28.454340, 9.144664, 4.211218, -7.294386, -52.595863, 5.000000, 0.000000, 0.500000, 0.500000, 0.150000, 1, 
0.546250, 0.025394, 0, 1, 5.171319, 28.554514, 9.107694, 3.944824, -7.279398, -52.452244, 5.000000, 0.000000, 0.500000, 0.500000, 0.150000, 1, 
0.569816, 0.023566, 0, 1, 5.385145, 28.641674, 9.073474, 3.698584, -7.260451, -52.244724, 5.000000, 0.000000, 0.500000, 0.500000, 0.150000, 1, 
0.595101, 0.025285, 0, 1, 5.613642, 28.728537, 9.036835, 3.435350, -7.245252, -52.053352, 5.000000, 0.000000, 0.500000, 0.500000, 0.150000, 1, 
0.614301, 0.019200, 0, 1, 5.786616, 28.790672, 9.009068, 3.236251, -7.230722, -51.848755, 5.000000, 0.000000, 0.500000, 0.500000, 0.150000, 1, 
0.632059, 0.017758, 0, 1, 5.946144, 28.844881, 8.983424, 3.052655, -7.220419, -51.693729, 5.000000, 0.000000, 0.500000, 0.500000, 0.150000, 1, 
0.650876, 0.018817, 0, 1, 6.114674, 28.898672, 8.956285, 2.858651, -7.211111, -51.550407, 5.000000, 0.000000, 0.500000, 0.500000, 0.150000, 1, 
0.675005, 0.024129, 0, 1, 6.329942, 28.961664, 8.921535, 2.610612, -7.201169, -51.398457, 5.000000, 0.000000, 0.500000, 0.500000, 0.150000, 1, 
0.693882, 0.018877, 0, 1, 6.497841, 29.007296, 8.894398, 2.417299, -7.187809, -51.203289, 5.000000, 0.000000, 0.500000, 0.500000, 0.150000, 1, 
0.711635, 0.017753, 0, 1, 6.655291, 29.046991, 8.868917, 2.236039, -7.176478, -51.050407, 5.000000, 0.000000, 0.500000, 0.500000, 0.150000, 1, 
0.731598, 0.019963, 0, 1, 6.831770, 29.087572, 8.840310, 2.032790, -7.164832, -50.906403, 5.000000, 0.000000, 0.500000, 0.500000, 0.150000, 1, 
0.749553, 0.017955, 0, 1, 6.990037, 29.120798, 8.814633, 1.850568, -7.150298, -50.744179, 5.000000, 0.000000, 0.500000, 0.500000, 0.150000, 1, 
0.767425, 0.017872, 0, 1, 7.147116, 29.150639, 8.789127, 1.669710, -7.135677, -50.598083, 5.000000, 0.000000, 0.500000, 0.500000, 0.150000, 1, 
0.788676, 0.021251, 0, 1, 7.333251, 29.181564, 8.758868, 1.455277, -7.119453, -50.452515, 5.000000, 0.000000, 0.500000, 0.500000, 0.150000, 1, 
0.807778, 0.019102, 0, 1, 7.500045, 29.205694, 8.731752, 1.263190, -7.097729, -50.279282, 5.000000, 0.000000, 0.500000, 0.500000, 0.150000, 1, 
0.828922, 0.021144, 0, 1, 7.684036, 29.227921, 8.701831, 1.051227, -7.075735, -50.123619, 5.000000, 0.000000, 0.500000, 0.500000, 0.150000, 1, 
0.851070, 0.022148, 0, 1, 7.876073, 29.246302, 8.670609, 0.829962, -7.048434, -49.951488, 5.000000, 0.000000, 0.500000, 0.500000, 0.150000, 1, 
0.872318, 0.021248, 0, 1, 8.059672, 29.259443, 8.640793, 0.618453, -7.016301, -49.771610, 5.000000, 0.000000, 0.500000, 0.500000, 0.150000, 1, 
0.890247, 0.017929, 0, 1, 8.214145, 29.267344, 8.615757, 0.440598, -6.981915, -49.599720, 5.000000, 0.000000, 0.500000, 0.500000, 0.150000, 1, 
0.913495, 0.023248, 0, 1, 8.413692, 29.272242, 8.583442, 0.210650, -6.950123, -49.455421, 5.000000, 0.000000, 0.500000, 0.500000, 0.150000, 1, 
0.937138, 0.023643, 0, 1, 8.615859, 29.271713, 8.550791, -0.022326, -6.904998, -49.269459, 5.000000, 0.000000, 0.500000, 0.500000, 0.150000, 1, 
0.958487, 0.021349, 0, 1, 8.797785, 29.266762, 8.521523, -0.231896, -6.854604, -49.082104, 5.000000, 0.000000, 0.500000, 0.500000, 0.150000, 1, 
0.980684, 0.022197, 0, 1, 8.986266, 29.256794, 8.491311, -0.449049, -6.805265, -48.914806, 5.000000, 0.000000, 0.500000, 0.500000, 0.150000, 1, 
1.003152, 0.022468, 0, 1, 9.176368, 29.241783, 8.460979, -0.668080, -6.750191, -48.743027, 5.000000, 0.000000, 0.500000, 0.500000, 0.150000, 1, 
1.024832, 0.021680, 0, 1, 9.359173, 29.222733, 8.431968, -0.878687, -6.690695, -48.571701, 5.000000, 0.000000, 0.500000, 0.500000, 0.150000, 1, 
1.046584, 0.021752, 0, 1, 9.541958, 29.199038, 8.403125, -1.089286, -6.629936, -48.409100, 5.000000, 0.000000, 0.500000, 0.500000, 0.150000, 1, 
1.068006, 0.021422, 0, 1, 9.721367, 29.171274, 8.374993, -1.296004, -6.565921, -48.248867, 5.000000, 0.000000, 0.500000, 0.500000, 0.150000, 1, 
1.088969, 0.020963, 0, 1, 9.896360, 29.139879, 8.347740, -1.497643, -6.500190, -48.094116, 5.000000, 0.000000, 0.500000, 0.500000, 0.150000, 1, 
1.111335, 0.022366, 0, 1, 10.082422, 29.101585, 8.318961, -1.712114, -6.433611, -47.945763, 5.000000, 0.000000, 0.500000, 0.500000, 0.150000, 1, 
1.128544, 0.017209, 0, 1, 10.225206, 29.069290, 8.297070, -1.876601, -6.360488, -47.790955, 5.000000, 0.000000, 0.500000, 0.500000, 0.150000, 1, 
1.148387, 0.019843, 0, 1, 10.389349, 29.028299, 8.272055, -2.065801, -6.303108, -47.674385, 5.000000, 0.000000, 0.500000, 0.500000, 0.150000, 1, 
1.167982, 0.019595, 0, 1, 10.550961, 28.984169, 8.247616, -2.252121, -6.235968, -47.542675, 5.000000, 0.000000, 0.500000, 0.500000, 0.150000, 1, 
1.189069, 0.021087, 0, 1, 10.724329, 28.932463, 8.221599, -2.452091, -6.169018, -47.415466, 5.000000, 0.000000, 0.500000, 0.500000, 0.150000, 1, 
1.211552, 0.022483, 0, 1, 10.908559, 28.872553, 8.194184, -2.664698, -6.096642, -47.281677, 5.000000, 0.000000, 0.500000, 0.500000, 0.150000, 1, 
1.232126, 0.020574, 0, 1, 11.076636, 28.813738, 8.169415, -2.858680, -6.019619, -47.142456, 5.000000, 0.000000, 0.500000, 0.500000, 0.150000, 1, 
1.251943, 0.019817, 0, 1, 11.238062, 28.753395, 8.145833, -3.045031, -5.949792, -47.018021, 5.000000, 0.000000, 0.500000, 0.500000, 0.150000, 1, 
1.269435, 0.017492, 0, 1, 11.380189, 28.697262, 8.125250, -3.209109, -5.883546, -46.900642, 5.000000, 0.000000, 0.500000, 0.500000, 0.150000, 1, 
1.294516, 0.025081, 0, 1, 11.583245, 28.610886, 8.096025, -3.443861, -5.826239, -46.798897, 5.000000, 0.000000, 0.500000, 0.500000, 0.150000, 1, 
1.317372, 0.022856, 0, 1, 11.767688, 28.527298, 8.069757, -3.657133, -5.746398, -46.655613, 5.000000, 0.000000, 0.500000, 0.500000, 0.150000, 1, 
1.337209, 0.019837, 0, 1, 11.927320, 28.451090, 8.047235, -3.841726, -5.676774, -46.527340, 5.000000, 0.000000, 0.500000, 0.500000, 0.150000, 1, 
1.361434, 0.024225, 0, 1, 12.121605, 28.352575, 8.020009, -4.066618, -5.619241, -46.417389, 5.000000, 0.000000, 0.500000, 0.500000, 0.150000, 1, 
1.380324, 0.018890, 0, 1, 12.272707, 28.272453, 7.999030, -4.241480, -5.553087, -46.284256, 5.000000, 0.000000, 0.500000, 0.500000, 0.150000, 1, 
1.401095, 0.020771, 0, 1, 12.438380, 28.180368, 7.976161, -4.433325, -5.505096, -46.180923, 5.000000, 0.000000, 0.500000, 0.500000, 0.150000, 1, 
1.420461, 0.019366, 0, 1, 12.592438, 28.091057, 7.955028, -4.611753, -5.456251, -46.067295, 5.000000, 0.000000, 0.500000, 0.500000, 0.150000, 1, 
1.444781, 0.024320, 0, 1, 12.785263, 27.973463, 7.928690, -4.835307, -5.414721, -45.960934, 5.000000, 0.000000, 0.500000, 0.500000, 0.150000, 1, 
1.543306, 0.098525, 0, 1, 13.556015, 27.408096, 7.822906, -5.738310, -5.368376, -45.826099, 5.000000, 0.000000, 0.500000, 0.500000, 0.150000, 1, 
1.565125, 0.021819, 0, 1, 13.726203, 27.278584, 7.799982, -5.935757, -5.253311, -45.246555, 5.000000, 0.000000, 0.500000, 0.500000, 0.150000, 1, 
1.590430, 0.025305, 0, 1, 13.922910, 27.122602, 7.773437, -6.164051, -5.245092, -45.108501, 5.000000, 0.000000, 0.500000, 0.500000, 0.150000, 1, 
1.612335, 0.021905, 0, 1, 14.092684, 26.983267, 7.750465, -6.360942, -5.243372, -44.942196, 5.000000, 0.000000, 0.500000, 0.500000, 0.150000, 1, 
1.635877, 0.023542, 0, 1, 14.274564, 26.828552, 7.725753, -6.571843, -5.248586, -44.792393, 5.000000, 0.000000, 0.500000, 0.500000, 0.150000, 1, 
1.658045, 0.022168, 0, 1, 14.445312, 26.678482, 7.702428, -6.769691, -5.261007, -44.624771, 5.000000, 0.000000, 0.500000, 0.500000, 0.150000, 1, 
1.680368, 0.022323, 0, 1, 14.616727, 26.522932, 7.678859, -6.968188, -5.278983, -44.460281, 5.000000, 0.000000, 0.500000, 0.500000, 0.150000, 1, 
1.703077, 0.022709, 0, 1, 14.790559, 26.360123, 7.654774, -7.169334, -5.303034, -44.287754, 5.000000, 0.000000, 0.500000, 0.500000, 0.150000, 1, 
1.724613, 0.021536, 0, 1, 14.954917, 26.201633, 7.631802, -7.359303, -5.333378, -44.104843, 5.000000, 0.000000, 0.500000, 0.500000, 0.150000, 1, 
1.748518, 0.023905, 0, 1, 15.136742, 26.020689, 7.606140, -7.569305, -5.367355, -43.924290, 5.000000, 0.000000, 0.500000, 0.500000, 0.150000, 1, 
1.770249, 0.021731, 0, 1, 15.301519, 25.852072, 7.582624, -7.759301, -5.410701, -43.715500, 5.000000, 0.000000, 0.500000, 0.500000, 0.150000, 1, 
1.796044, 0.025795, 0, 1, 15.496387, 25.646130, 7.554482, -7.983811, -5.454873, -43.518028, 5.000000, 0.000000, 0.500000, 0.500000, 0.150000, 1, 
1.818377, 0.022333, 0, 1, 15.664552, 25.463511, 7.529859, -8.177098, -5.512849, -43.273849, 5.000000, 0.000000, 0.500000, 0.500000, 0.150000, 1, 
1.840953, 0.022576, 0, 1, 15.833979, 25.274515, 7.504721, -8.371496, -5.567414, -43.054028, 5.000000, 0.000000, 0.500000, 0.500000, 0.150000, 1, 
1.893145, 0.052192, 0, 1, 16.222599, 24.814260, 7.445991, -8.818508, -5.626361, -42.823807, 5.000000, 0.000000, 0.500000, 0.500000, 0.150000, 1, 
1.914253, 0.021108, 0, 1, 16.379253, 24.624353, 7.421605, -8.996908, -5.776430, -42.258801, 5.000000, 0.000000, 0.500000, 0.500000, 0.150000, 1, 
1.936661, 0.022408, 0, 1, 16.544970, 24.418531, 7.395428, -9.185223, -5.840836, -42.019390, 5.000000, 0.000000, 0.500000, 0.500000, 0.150000, 1, 
1.963117, 0.026455, 0, 1, 16.739788, 24.169691, 7.364151, -9.406164, -5.911426, -41.757927, 5.000000, 0.000000, 0.500000, 0.500000, 0.150000, 1, 
1.988361, 0.025245, 0, 1, 16.924932, 23.926950, 7.333870, -9.615393, -5.997341, -41.439648, 5.000000, 0.000000, 0.500000, 0.500000, 0.150000, 1, 
2.012066, 0.023705, 0, 1, 17.098099, 23.694395, 7.305038, -9.810374, -6.081361, -41.126766, 5.000000, 0.000000, 0.500000, 0.500000, 0.150000, 1, 
2.034381, 0.022315, 0, 1, 17.260496, 23.471411, 7.277539, -9.992577, -6.161668, -40.825127, 5.000000, 0.000000, 0.500000, 0.500000, 0.150000, 1, 
2.055924, 0.021543, 0, 1, 17.416697, 23.252378, 7.250661, -10.167223, -6.238221, -40.534477, 5.000000, 0.000000, 0.500000, 0.500000, 0.150000, 1, 
2.078568, 0.022643, 0, 1, 17.580227, 23.018036, 7.222073, -10.349490, -6.312769, -40.247932, 5.000000, 0.000000, 0.500000, 0.500000, 0.150000, 1, 
2.135834, 0.057267, 0, 1, 17.989620, 22.399155, 7.148868, -10.806946, -6.391606, -39.940601, 5.000000, 0.000000, 0.500000, 0.500000, 0.150000, 1, 
2.160017, 0.024182, 0, 1, 18.161722, 22.133244, 7.116977, -10.996204, -6.593838, -39.132092, 5.000000, 0.000000, 0.500000, 0.500000, 0.150000, 1, 
2.180043, 0.020027, 0, 1, 18.303719, 21.909912, 7.090230, -11.151543, -6.677916, -38.782177, 5.000000, 0.000000, 0.500000, 0.500000, 0.150000, 1, 
2.199780, 0.019736, 0, 1, 18.443127, 21.686827, 7.063598, -11.303464, -6.747024, -38.488251, 5.000000, 0.000000, 0.500000, 0.500000, 0.150000, 1, 
2.222150, 0.022370, 0, 1, 18.600458, 21.430145, 7.033109, -11.474348, -6.814623, -38.194954, 5.000000, 0.000000, 0.500000, 0.500000, 0.150000, 1, 
2.241369, 0.019219, 0, 1, 18.735119, 21.206823, 7.006623, -11.619867, -6.890589, -37.858170, 5.000000, 0.000000, 0.500000, 0.500000, 0.150000, 1, 
2.263818, 0.022449, 0, 1, 18.891710, 20.942183, 6.975397, -11.788529, -6.955051, -37.565659, 5.000000, 0.000000, 0.500000, 0.500000, 0.150000, 1, 
2.287466, 0.023648, 0, 1, 19.055878, 20.659245, 6.942150, -11.964565, -7.029477, -37.220070, 5.000000, 0.000000, 0.500000, 0.500000, 0.150000, 1, 
2.311203, 0.023738, 0, 1, 19.219870, 20.371077, 6.908411, -12.139524, -7.106659, -36.851906, 5.000000, 0.000000, 0.500000, 0.500000, 0.150000, 1, 
2.330946, 0.019743, 0, 1, 19.355703, 20.128563, 6.880049, -12.283563, -7.182718, -36.478462, 5.000000, 0.000000, 0.500000, 0.500000, 0.150000, 1, 
2.352840, 0.021894, 0, 1, 19.505640, 19.856159, 6.848326, -12.441924, -7.244696, -36.165398, 5.000000, 0.000000, 0.500000, 0.500000, 0.150000, 1, 
2.369875, 0.017035, 0, 1, 19.621878, 19.642132, 6.823413, -12.563947, -7.312165, -35.815380, 5.000000, 0.000000, 0.500000, 0.500000, 0.150000, 1, 
2.389624, 0.019749, 0, 1, 19.756060, 19.391233, 6.794329, -12.704329, -7.363533, -35.541527, 5.000000, 0.000000, 0.500000, 0.500000, 0.150000, 1, 
2.412127, 0.022503, 0, 1, 19.908201, 19.101780, 6.760925, -12.862849, -7.422000, -35.222027, 5.000000, 0.000000, 0.500000, 0.500000, 0.150000, 1, 
2.432946, 0.020819, 0, 1, 20.048307, 18.830967, 6.729751, -13.007980, -7.487120, -34.855537, 5.000000, 0.000000, 0.500000, 0.500000, 0.150000, 1, 
2.449898, 0.016952, 0, 1, 20.161957, 18.608473, 6.704167, -13.124999, -7.545774, -34.514725, 5.000000, 0.000000, 0.500000, 0.500000, 0.150000, 1, 
2.467860, 0.017962, 0, 1, 20.281887, 18.370512, 6.676893, -13.247990, -7.592313, -34.236248, 5.000000, 0.000000, 0.500000, 0.500000, 0.150000, 1, 
2.488605, 0.020745, 0, 1, 20.419741, 18.092762, 6.645192, -13.388807, -7.640511, -33.940041, 5.000000, 0.000000, 0.500000, 0.500000, 0.150000, 1, 
2.508686, 0.020081, 0, 1, 20.552563, 17.821192, 6.614288, -13.523738, -7.694767, -33.596497, 5.000000, 0.000000, 0.500000, 0.500000, 0.150000, 1, 
2.531293, 0.022607, 0, 1, 20.701300, 17.512060, 6.579267, -13.674132, -7.745723, -33.262901, 5.000000, 0.000000, 0.500000, 0.500000, 0.150000, 1, 
2.551302, 0.020009, 0, 1, 20.832319, 17.235821, 6.548048, -13.805736, -7.801308, -32.886017, 5.000000, 0.000000, 0.500000, 0.500000, 0.150000, 1, 
2.571661, 0.020358, 0, 1, 20.964973, 16.952065, 6.516090, -13.938273, -7.848774, -32.551842, 5.000000, 0.000000, 0.500000, 0.500000, 0.150000, 1, 
2.589227, 0.017567, 0, 1, 21.078955, 16.705223, 6.488350, -14.051444, -7.895456, -32.211189, 5.000000, 0.000000, 0.500000, 0.500000, 0.150000, 1, 
2.612640, 0.023413, 0, 1, 21.229996, 16.372738, 6.451197, -14.200899, -7.934344, -31.917049, 5.000000, 0.000000, 0.500000, 0.500000, 0.150000, 1, 
2.633720, 0.021080, 0, 1, 21.365278, 16.070581, 6.417535, -14.333804, -7.984424, -31.524036, 5.000000, 0.000000, 0.500000, 0.500000, 0.150000, 1, 
2.655875, 0.022155, 0, 1, 21.506670, 15.749956, 6.381965, -14.471919, -8.027548, -31.170172, 5.000000, 0.000000, 0.500000, 0.500000, 0.150000, 1, 
2.680231, 0.024356, 0, 1, 21.661152, 15.393824, 6.342649, -14.621943, -8.070951, -30.798088, 5.000000, 0.000000, 0.500000, 0.500000, 0.150000, 1, 
2.702663, 0.022432, 0, 1, 21.802614, 15.062766, 6.306236, -14.758280, -8.116419, -30.388922, 5.000000, 0.000000, 0.500000, 0.500000, 0.150000, 1, 
2.745210, 0.042547, 0, 1, 22.067972, 14.423980, 6.236833, -15.013669, -8.156087, -30.012568, 5.000000, 0.000000, 0.500000, 0.500000, 0.150000, 1, 
2.764997, 0.019786, 0, 1, 22.190729, 14.124625, 6.204278, -15.129600, -8.226699, -29.296206, 5.000000, 0.000000, 0.500000, 0.500000, 0.150000, 1, 
2.784814, 0.019817, 0, 1, 22.313030, 13.822527, 6.171555, -15.244404, -8.256459, -28.966002, 5.000000, 0.000000, 0.500000, 0.500000, 0.150000, 1, 
2.810030, 0.025216, 0, 1, 22.467598, 13.434483, 6.129773, -15.388821, -8.284672, -28.635973, 5.000000, 0.000000, 0.500000, 0.500000, 0.150000, 1, 
2.834758, 0.024728, 0, 1, 22.618158, 13.050497, 6.088634, -15.528368, -8.318423, -28.216558, 5.000000, 0.000000, 0.500000, 0.500000, 0.150000, 1, 
2.861893, 0.027135, 0, 1, 22.782145, 12.625040, 6.043324, -15.679276, -8.349023, -27.806761, 5.000000, 0.000000, 0.500000, 0.500000, 0.150000, 1, 
2.885273, 0.023380, 0, 1, 22.922522, 12.255467, 6.004139, -15.807204, -8.379858, -27.358631, 5.000000, 0.000000, 0.500000, 0.500000, 0.150000, 1, 
2.910621, 0.025348, 0, 1, 23.073635, 11.851320, 5.961535, -15.943955, -8.403990, -26.974667, 5.000000, 0.000000, 0.500000, 0.500000, 0.150000, 1, 
2.931962, 0.021341, 0, 1, 23.200092, 11.508641, 5.925563, -16.057320, -8.427784, -26.560129, 5.000000, 0.000000, 0.500000, 0.500000, 0.150000, 1, 
2.967554, 0.035592, 0, 1, 23.408855, 10.930488, 5.865442, -16.243916, -8.445793, -26.213259, 5.000000, 0.000000, 0.500000, 0.500000, 0.150000, 1, 
2.987399, 0.019845, 0, 1, 23.524588, 10.606108, 5.831815, -16.345665, -8.472477, -25.636089, 5.000000, 0.000000, 0.500000, 0.500000, 0.150000, 1, 
3.011751, 0.024352, 0, 1, 23.665598, 10.205055, 5.790490, -16.468973, -8.484957, -25.317991, 5.000000, 0.000000, 0.500000, 0.500000, 0.150000, 1, 
3.032823, 0.021072, 0, 1, 23.786860, 9.855807, 5.754674, -16.574036, -8.498384, -24.929390, 5.000000, 0.000000, 0.500000, 0.500000, 0.150000, 1, 
3.055085, 0.022262, 0, 1, 23.914127, 9.484398, 5.716793, -16.683544, -8.508184, -24.595579, 5.000000, 0.000000, 0.500000, 0.500000, 0.150000, 1, 
3.076486, 0.021401, 0, 1, 24.035692, 9.125133, 5.680339, -16.787317, -8.516827, -24.245005, 5.000000, 0.000000, 0.500000, 0.500000, 0.150000, 1, 
3.101359, 0.024873, 0, 1, 24.175924, 8.704623, 5.637938, -16.906261, -8.523458, -23.910299, 5.000000, 0.000000, 0.500000, 0.500000, 0.150000, 1, 
3.126301, 0.024942, 0, 1, 24.315485, 8.280021, 5.595391, -17.023607, -8.529237, -23.523714, 5.000000, 0.000000, 0.500000, 0.500000, 0.150000, 1, 
3.148555, 0.022254, 0, 1, 24.439159, 7.898886, 5.557413, -17.126595, -8.532899, -23.139215, 5.000000, 0.000000, 0.500000, 0.500000, 0.150000, 1, 
3.168106, 0.019551, 0, 1, 24.547159, 7.562301, 5.524042, -17.215744, -8.534348, -22.799219, 5.000000, 0.000000, 0.500000, 0.500000, 0.150000, 1, 
3.188199, 0.020093, 0, 1, 24.657465, 7.214568, 5.489746, -17.306175, -8.534226, -22.502977, 5.000000, 0.000000, 0.500000, 0.500000, 0.150000, 1, 
3.210438, 0.022239, 0, 1, 24.778708, 6.827500, 5.451794, -17.404919, -8.532824, -22.200663, 5.000000, 0.000000, 0.500000, 0.500000, 0.150000, 1, 
3.232968, 0.022530, 0, 1, 24.900671, 6.433147, 5.413358, -17.503458, -8.529806, -21.868486, 5.000000, 0.000000, 0.500000, 0.500000, 0.150000, 1, 
3.255573, 0.022605, 0, 1, 25.022169, 6.035281, 5.374816, -17.600817, -8.525182, -21.534828, 5.000000, 0.000000, 0.500000, 0.500000, 0.150000, 1, 
3.282441, 0.026868, 0, 1, 25.165350, 5.559320, 5.329038, -17.714754, -8.518979, -21.203043, 5.000000, 0.000000, 0.500000, 0.500000, 0.150000, 1, 
3.308015, 0.025574, 0, 1, 25.300522, 5.103561, 5.285513, -17.821203, -8.509703, -20.812099, 5.000000, 0.000000, 0.500000, 0.500000, 0.150000, 1, 
3.330296, 0.022281, 0, 1, 25.417444, 4.704457, 5.247640, -17.912308, -8.498887, -20.444239, 5.000000, 0.000000, 0.500000, 0.500000, 0.150000, 1, 
3.350122, 0.019826, 0, 1, 25.520817, 4.347745, 5.213984, -17.992117, -8.487899, -20.127384, 5.000000, 0.000000, 0.500000, 0.500000, 0.150000, 1, 
3.371140, 0.021018, 0, 1, 25.629656, 3.967833, 5.178350, -18.075552, -8.476932, -19.848288, 5.000000, 0.000000, 0.500000, 0.500000, 0.150000, 1, 
3.392410, 0.021270, 0, 1, 25.739033, 3.581597, 5.142344, -18.158739, -8.464158, -19.555002, 5.000000, 0.000000, 0.500000, 0.500000, 0.150000, 1, 
3.416501, 0.024091, 0, 1, 25.861937, 3.141899, 5.101630, -18.251543, -8.450045, -19.261051, 5.000000, 0.000000, 0.500000, 0.500000, 0.150000, 1, 
3.438608, 0.022107, 0, 1, 25.973894, 2.736561, 5.064346, -18.335245, -8.432683, -18.931313, 5.000000, 0.000000, 0.500000, 0.500000, 0.150000, 1, 
3.461192, 0.022584, 0, 1, 26.087408, 2.320578, 5.026335, -18.419403, -8.415439, -18.632271, 5.000000, 0.000000, 0.500000, 0.500000, 0.150000, 1, 
3.483718, 0.022526, 0, 1, 26.199780, 1.903802, 4.988506, -18.501984, -8.396586, -18.330032, 5.000000, 0.000000, 0.500000, 0.500000, 0.150000, 1, 
3.507475, 0.023757, 0, 1, 26.317347, 1.462215, 4.948706, -18.587660, -8.376575, -18.031931, 5.000000, 0.000000, 0.500000, 0.500000, 0.150000, 1, 
3.530418, 0.022943, 0, 1, 26.430006, 1.033893, 4.910372, -18.668974, -8.354204, -17.721060, 5.000000, 0.000000, 0.500000, 0.500000, 0.150000, 1, 
3.553914, 0.023496, 0, 1, 26.544460, 0.593323, 4.871221, -18.750854, -8.331386, -17.424513, 5.000000, 0.000000, 0.500000, 0.500000, 0.150000, 1, 
3.577959, 0.024045, 0, 1, 26.660627, 0.140478, 4.831274, -18.833206, -8.306829, -17.124413, 5.000000, 0.000000, 0.500000, 0.500000, 0.150000, 1, 
3.599034, 0.021075, 0, 1, 26.761711, -0.257926, 4.796371, -18.904106, -8.280494, -16.821095, 5.000000, 0.000000, 0.500000, 0.500000, 0.150000, 1, 
3.620428, 0.021394, 0, 1, 26.863569, -0.663876, 4.761044, -18.974958, -8.256407, -16.558739, 5.000000, 0.000000, 0.500000, 0.500000, 0.150000, 1, 
3.643116, 0.022688, 0, 1, 26.970741, -1.096058, 4.723695, -19.048901, -8.231054, -16.295444, 5.000000, 0.000000, 0.500000, 0.500000, 0.150000, 1, 
3.668760, 0.025644, 0, 1, 27.090797, -1.586655, 4.681622, -19.131062, -8.203213, -16.019489, 5.000000, 0.000000, 0.500000, 0.500000, 0.150000, 1, 
3.692482, 0.023723, 0, 1, 27.200939, -2.042269, 4.642856, -19.205606, -8.170614, -15.711452, 5.000000, 0.000000, 0.500000, 0.500000, 0.150000, 1, 
3.719533, 0.027051, 0, 1, 27.325342, -2.564058, 4.598820, -19.289089, -8.139386, -15.430664, 5.000000, 0.000000, 0.500000, 0.500000, 0.150000, 1, 
3.748741, 0.029208, 0, 1, 27.458282, -3.130033, 4.551487, -19.377384, -8.102610, -15.114773, 5.000000, 0.000000, 0.500000, 0.500000, 0.150000, 1, 
3.771822, 0.023081, 0, 1, 27.562477, -3.578857, 4.514274, -19.445606, -8.061543, -14.778992, 5.000000, 0.000000, 0.500000, 0.500000, 0.150000, 1, 
3.796990, 0.025168, 0, 1, 27.675076, -4.070103, 4.473864, -19.518686, -8.028088, -14.518345, 5.000000, 0.000000, 0.500000, 0.500000, 0.150000, 1, 
3.824952, 0.027962, 0, 1, 27.798923, -4.618111, 4.429176, -19.598310, -7.990695, -14.237995, 5.000000, 0.000000, 0.500000, 0.500000, 0.150000, 1, 
3.848433, 0.023481, 0, 1, 27.902048, -5.079835, 4.391850, -19.663734, -7.948069, -13.931213, 5.000000, 0.000000, 0.500000, 0.500000, 0.150000, 1, 
3.877272, 0.028839, 0, 1, 28.027390, -5.649193, 4.346219, -19.742626, -7.911409, -13.678066, 5.000000, 0.000000, 0.500000, 0.500000, 0.150000, 1, 
3.906397, 0.029125, 0, 1, 28.152639, -6.226465, 4.300403, -19.820515, -7.865397, -13.371571, 5.000000, 0.000000, 0.500000, 0.500000, 0.150000, 1, 
3.931114, 0.024717, 0, 1, 28.257977, -6.717966, 4.261756, -19.885113, -7.817847, -13.067619, 5.000000, 0.000000, 0.500000, 0.500000, 0.150000, 1, 
3.952078, 0.020964, 0, 1, 28.346636, -7.135963, 4.229150, -19.938841, -7.776670, -12.814487, 5.000000, 0.000000, 0.500000, 0.500000, 0.150000, 1, 
3.972349, 0.020271, 0, 1, 28.431728, -7.541180, 4.197766, -19.989937, -7.741186, -12.603241, 5.000000, 0.000000, 0.500000, 0.500000, 0.150000, 1, 
3.994970, 0.022621, 0, 1, 28.525898, -7.994641, 4.162900, -20.046045, -7.706410, -12.401741, 5.000000, 0.000000, 0.500000, 0.500000, 0.150000, 1, 
4.019745, 0.024775, 0, 1, 28.628092, -8.492777, 4.124910, -20.106396, -7.667103, -12.179813, 5.000000, 0.000000, 0.500000, 0.500000, 0.150000, 1, 
4.045599, 0.025853, 0, 1, 28.733713, -9.014184, 4.085492, -20.168135, -7.623458, -11.940334, 5.000000, 0.000000, 0.500000, 0.500000, 0.150000, 1, 
4.068870, 0.023271, 0, 1, 28.827967, -9.484783, 4.050226, -20.222563, -7.577291, -11.694504, 5.000000, 0.000000, 0.500000, 0.500000, 0.150000, 1, 
4.089212, 0.020343, 0, 1, 28.909737, -9.897120, 4.019568, -20.269258, -7.535212, -11.477077, 5.000000, 0.000000, 0.500000, 0.500000, 0.150000, 1, 
4.112226, 0.023013, 0, 1, 29.001444, -10.364773, 3.985057, -20.321222, -7.498045, -11.290005, 5.000000, 0.000000, 0.500000, 0.500000, 0.150000, 1, 
4.132799, 0.020573, 0, 1, 29.082798, -10.783779, 3.954381, -20.366817, -7.455598, -11.081257, 5.000000, 0.000000, 0.500000, 0.500000, 0.150000, 1, 
4.152819, 0.020020, 0, 1, 29.161369, -11.192396, 3.924682, -20.410452, -7.417303, -10.897598, 5.000000, 0.000000, 0.500000, 0.500000, 0.150000, 1, 
4.172709, 0.019890, 0, 1, 29.238848, -11.599209, 3.895325, -20.453102, -7.379736, -10.721397, 5.000000, 0.000000, 0.500000, 0.500000, 0.150000, 1, 
4.192551, 0.019842, 0, 1, 29.315561, -12.005870, 3.866189, -20.494965, -7.342145, -10.548759, 5.000000, 0.000000, 0.500000, 0.500000, 0.150000, 1, 
4.211307, 0.018756, 0, 1, 29.387562, -12.391004, 3.838788, -20.533897, -7.304382, -10.378918, 5.000000, 0.000000, 0.500000, 0.500000, 0.150000, 1, 
4.263906, 0.052599, 0, 1, 29.585457, -13.476722, 3.762326, -20.641417, -7.268457, -10.220604, 5.000000, 0.000000, 0.500000, 0.500000, 0.150000, 1, 
4.284961, 0.021055, 0, 1, 29.664038, -13.912194, 3.732147, -20.682608, -7.166541, -9.781868, 5.000000, 0.000000, 0.500000, 0.500000, 0.150000, 1, 
4.305858, 0.020897, 0, 1, 29.741405, -14.345239, 3.702368, -20.722784, -7.125370, -9.613014, 5.000000, 0.000000, 0.500000, 0.500000, 0.150000, 1, 
4.330479, 0.024621, 0, 1, 29.831703, -14.856600, 3.667483, -20.769308, -7.084302, -9.447956, 5.000000, 0.000000, 0.500000, 0.500000, 0.150000, 1, 
4.352563, 0.022084, 0, 1, 29.912010, -15.316172, 3.636408, -20.810192, -7.035659, -9.256374, 5.000000, 0.000000, 0.500000, 0.500000, 0.150000, 1, 
4.373225, 0.020662, 0, 1, 29.986549, -15.746928, 3.607515, -20.847746, -6.991833, -9.087608, 5.000000, 0.000000, 0.500000, 0.500000, 0.150000, 1, 
4.391578, 0.018353, 0, 1, 30.052290, -16.130148, 3.582002, -20.880533, -6.950665, -8.932251, 5.000000, 0.000000, 0.500000, 0.500000, 0.150000, 1, 
4.409595, 0.018017, 0, 1, 30.116379, -16.506924, 3.557088, -20.912230, -6.913989, -8.796352, 5.000000, 0.000000, 0.500000, 0.500000, 0.150000, 1, 
4.428813, 0.019219, 0, 1, 30.184235, -16.909475, 3.530651, -20.945536, -6.877878, -8.664749, 5.000000, 0.000000, 0.500000, 0.500000, 0.150000, 1, 
4.445884, 0.017071, 0, 1, 30.244108, -17.267534, 3.507300, -20.974646, -6.839255, -8.526207, 5.000000, 0.000000, 0.500000, 0.500000, 0.150000, 1, 
4.470438, 0.024554, 0, 1, 30.329407, -17.783560, 3.473883, -21.015921, -6.804876, -8.404922, 5.000000, 0.000000, 0.500000, 0.500000, 0.150000, 1, 
4.493164, 0.022726, 0, 1, 30.407656, -18.262018, 3.443179, -21.053339, -6.755279, -8.232639, 5.000000, 0.000000, 0.500000, 0.500000, 0.150000, 1, 
4.516094, 0.022930, 0, 1, 30.485903, -18.745621, 3.412410, -21.090376, -6.709273, -8.076111, 5.000000, 0.000000, 0.500000, 0.500000, 0.150000, 1, 
4.538817, 0.022723, 0, 1, 30.562756, -19.225676, 3.382131, -21.126373, -6.662758, -7.920876, 5.000000, 0.000000, 0.500000, 0.500000, 0.150000, 1, 
4.561940, 0.023123, 0, 1, 30.640253, -19.715012, 3.351532, -21.162306, -6.616586, -7.769691, 5.000000, 0.000000, 0.500000, 0.500000, 0.150000, 1, 
4.586290, 0.024350, 0, 1, 30.721085, -20.231216, 3.319538, -21.199408, -6.569539, -7.618488, 5.000000, 0.000000, 0.500000, 0.500000, 0.150000, 1, 
4.607835, 0.021545, 0, 1, 30.791998, -20.688650, 3.291444, -21.231562, -6.519934, -7.462063, 5.000000, 0.000000, 0.500000, 0.500000, 0.150000, 1, 
4.630586, 0.022751, 0, 1, 30.866211, -21.172447, 3.261976, -21.264898, -6.476020, -7.326237, 5.000000, 0.000000, 0.500000, 0.500000, 0.150000, 1, 
4.653193, 0.022607, 0, 1, 30.939297, -21.653917, 3.232906, -21.297386, -6.429618, -7.185177, 5.000000, 0.000000, 0.500000, 0.500000, 0.150000, 1, 
4.675123, 0.021930, 0, 1, 31.009581, -22.121647, 3.204908, -21.328297, -6.383502, -7.047455, 5.000000, 0.000000, 0.500000, 0.500000, 0.150000, 1, 
4.716544, 0.041421, 0, 1, 31.140156, -23.007460, 3.152396, -21.385592, -6.338769, -6.916199, 5.000000, 0.000000, 0.500000, 0.500000, 0.150000, 1, 
4.739334, 0.022790, 0, 1, 31.211349, -23.495531, 3.123889, -21.416004, -6.254146, -6.672398, 5.000000, 0.000000, 0.500000, 0.500000, 0.150000, 1, 
4.764680, 0.025346, 0, 1, 31.289730, -24.039183, 3.092421, -21.449171, -6.207717, -6.542641, 5.000000, 0.000000, 0.500000, 0.500000, 0.150000, 1, 
4.788053, 0.023373, 0, 1, 31.361336, -24.541214, 3.063644, -21.479094, -6.156115, -6.400902, 5.000000, 0.000000, 0.500000, 0.500000, 0.150000, 1, 
4.811723, 0.023670, 0, 1, 31.433168, -25.050327, 3.034726, -21.508789, -6.108604, -6.272804, 5.000000, 0.000000, 0.500000, 0.500000, 0.150000, 1, 
4.829202, 0.017479, 0, 1, 31.485842, -25.426655, 3.013539, -21.530272, -6.060556, -6.145470, 5.000000, 0.000000, 0.500000, 0.500000, 0.150000, 1, 
4.851529, 0.022327, 0, 1, 31.552525, -25.907965, 2.986634, -21.557302, -6.025152, -6.053226, 5.000000, 0.000000, 0.500000, 0.500000, 0.150000, 1, 
5.003346, 0.151817, 0, 1, 31.978380, -29.208097, 2.805062, -21.737570, -5.979971, -5.937004, 5.000000, 0.000000, 0.500000, 0.500000, 0.150000, 1, 
