GLOBALTIME, DELTATIME, ID, STATE, POS_x, POS_y, VEL_x, VEL_y, FR_x, FR_y, MASS, ROTATION(DEGREES), FRICTIONCOEF.., RESTITUTIONCOEF.., AIR DRAG COEF..,  use air resistance
0.022482, 0.022482, 0, 1, 0.222925, 25.217960, 9.915692, 9.694920, -37.499992, -135.699997, 10.000000, 0.000000, 0.000000, 0.000000, 0.150000, 1, 
0.039148, 0.016666, 0, 1, 0.387167, 25.375818, 9.854909, 9.471829, -36.471447, -133.859421, 10.000000, 0.000000, 0.000000, 0.000000, 0.150000, 1, 
0.055814, 0.016666, 0, 1, 0.550416, 25.529993, 9.795333, 9.250909, -35.746899, -132.557358, 10.000000, 0.000000, 0.000000, 0.000000, 0.150000, 1, 
0.072480, 0.016666, 0, 1, 0.712691, 25.680521, 9.736915, 9.032078, -35.052135, -131.303940, 10.000000, 0.000000, 0.000000, 0.000000, 0.150000, 1, 
0.089146, 0.016666, 0, 1, 0.874011, 25.827436, 9.679606, 8.815258, -34.386475, -130.097305, 10.000000, 0.000000, 0.000000, 0.000000, 0.150000, 1, 
0.105812, 0.016666, 0, 1, 1.034394, 25.970770, 9.623360, 8.600374, -33.749275, -128.935608, 10.000000, 0.000000, 0.000000, 0.000000, 0.150000, 1, 
0.122478, 0.016666, 0, 1, 1.193857, 26.110554, 9.568129, 8.387354, -33.139915, -127.817070, 10.000000, 0.000000, 0.000000, 0.000000, 0.150000, 1, 
0.139144, 0.016666, 0, 1, 1.352415, 26.246817, 9.513867, 8.176129, -32.557774, -126.739922, 10.000000, 0.000000, 0.000000, 0.000000, 0.150000, 1, 
0.165530, 0.026386, 0, 1, 1.601220, 26.453800, 9.429426, 7.844451, -32.002239, -125.702431, 10.000000, 0.000000, 0.000000, 0.000000, 0.150000, 1, 
0.184589, 0.019059, 0, 1, 1.779803, 26.598799, 9.370014, 7.607866, -31.172485, -124.132767, 10.000000, 0.000000, 0.000000, 0.000000, 0.150000, 1, 
0.204047, 0.019458, 0, 1, 1.960965, 26.742174, 9.310445, 7.368423, -30.614155, -123.056793, 10.000000, 0.000000, 0.000000, 0.000000, 0.150000, 1, 
0.223619, 0.019572, 0, 1, 2.142037, 26.881716, 9.251578, 7.129638, -30.076887, -122.003296, 10.000000, 0.000000, 0.000000, 0.000000, 0.150000, 1, 
0.243861, 0.020242, 0, 1, 2.328096, 27.021076, 9.191725, 6.884736, -29.568895, -120.986977, 10.000000, 0.000000, 0.000000, 0.000000, 0.150000, 1, 
0.260828, 0.016967, 0, 1, 2.483215, 27.134436, 9.142391, 6.681168, -29.076468, -119.978699, 10.000000, 0.000000, 0.000000, 0.000000, 0.150000, 1, 
0.278606, 0.017778, 0, 1, 2.644842, 27.249447, 9.091388, 6.469315, -28.689182, -119.165771, 10.000000, 0.000000, 0.000000, 0.000000, 0.150000, 1, 
0.301421, 0.022815, 0, 1, 2.850789, 27.390884, 9.026806, 6.199316, -28.306822, -118.342773, 10.000000, 0.000000, 0.000000, 0.000000, 0.150000, 1, 
0.319832, 0.018411, 0, 1, 3.016037, 27.501043, 8.975533, 5.983307, -27.849241, -117.325951, 10.000000, 0.000000, 0.000000, 0.000000, 0.150000, 1, 
0.337226, 0.017394, 0, 1, 3.171326, 27.601591, 8.927687, 5.780603, -27.507050, -116.536873, 10.000000, 0.000000, 0.000000, 0.000000, 0.150000, 1, 
0.354983, 0.017757, 0, 1, 3.328997, 27.700586, 8.879379, 5.574951, -27.204510, -115.814697, 10.000000, 0.000000, 0.000000, 0.000000, 0.150000, 1, 
0.372481, 0.017498, 0, 1, 3.483544, 27.794613, 8.832283, 5.373551, -26.915277, -115.098862, 10.000000, 0.000000, 0.000000, 0.000000, 0.150000, 1, 
0.390055, 0.017574, 0, 1, 3.637940, 27.885513, 8.785451, 5.172482, -26.648663, -114.413025, 10.000000, 0.000000, 0.000000, 0.000000, 0.150000, 1, 
0.408584, 0.018529, 0, 1, 3.799819, 27.977449, 8.736538, 4.961729, -26.398163, -113.742065, 10.000000, 0.000000, 0.000000, 0.000000, 0.150000, 1, 
0.427093, 0.018509, 0, 1, 3.960628, 28.065413, 8.688134, 4.752481, -26.151480, -113.052177, 10.000000, 0.000000, 0.000000, 0.000000, 0.150000, 1, 
0.446192, 0.019099, 0, 1, 4.125617, 28.152081, 8.638626, 4.537848, -25.921680, -112.379372, 10.000000, 0.000000, 0.000000, 0.000000, 0.150000, 1, 
0.465697, 0.019505, 0, 1, 4.293135, 28.236341, 8.588497, 4.319976, -25.700441, -111.700378, 10.000000, 0.000000, 0.000000, 0.000000, 0.150000, 1, 
0.482405, 0.016708, 0, 1, 4.435920, 28.305420, 8.545909, 4.134482, -25.489561, -111.021141, 10.000000, 0.000000, 0.000000, 0.000000, 0.150000, 1, 
0.501243, 0.018838, 0, 1, 4.596010, 28.379385, 8.498211, 3.926417, -25.319870, -110.449669, 10.000000, 0.000000, 0.000000, 0.000000, 0.150000, 1, 
0.518494, 0.017251, 0, 1, 4.741864, 28.443851, 8.454844, 3.736975, -25.139008, -109.814949, 10.000000, 0.000000, 0.000000, 0.000000, 0.150000, 1, 
0.538300, 0.019806, 0, 1, 4.908341, 28.513580, 8.405364, 3.520611, -24.981966, -109.241837, 10.000000, 0.000000, 0.000000, 0.000000, 0.150000, 1, 
0.555831, 0.017531, 0, 1, 5.054933, 28.571962, 8.361870, 3.330239, -24.810020, -108.591751, 10.000000, 0.000000, 0.000000, 0.000000, 0.150000, 1, 
0.573921, 0.018090, 0, 1, 5.205392, 28.628672, 8.317252, 3.134825, -24.664032, -108.022820, 10.000000, 0.000000, 0.000000, 0.000000, 0.150000, 1, 
0.591332, 0.017411, 0, 1, 5.349461, 28.679995, 8.274564, 2.947760, -24.518017, -107.440994, 10.000000, 0.000000, 0.000000, 0.000000, 0.150000, 1, 
0.611201, 0.019869, 0, 1, 5.512906, 28.734344, 8.226122, 2.735389, -24.380716, -106.885475, 10.000000, 0.000000, 0.000000, 0.000000, 0.150000, 1, 
0.630770, 0.019569, 0, 1, 5.672955, 28.783804, 8.178714, 2.527457, -24.226286, -106.255844, 10.000000, 0.000000, 0.000000, 0.000000, 0.150000, 1, 
0.649291, 0.018521, 0, 1, 5.823607, 28.826992, 8.134125, 2.331801, -24.075024, -105.639877, 10.000000, 0.000000, 0.000000, 0.000000, 0.150000, 1, 
0.667492, 0.018201, 0, 1, 5.970863, 28.865953, 8.090568, 2.140581, -23.931225, -105.060341, 10.000000, 0.000000, 0.000000, 0.000000, 0.150000, 1, 
0.686042, 0.018550, 0, 1, 6.120125, 28.902065, 8.046441, 1.946745, -23.788034, -104.493774, 10.000000, 0.000000, 0.000000, 0.000000, 0.150000, 1, 
0.704267, 0.018225, 0, 1, 6.265986, 28.934093, 8.003359, 1.757352, -23.639006, -103.919189, 10.000000, 0.000000, 0.000000, 0.000000, 0.150000, 1, 
0.722808, 0.018541, 0, 1, 6.413569, 28.963123, 7.959809, 1.565717, -23.488487, -103.357529, 10.000000, 0.000000, 0.000000, 0.000000, 0.150000, 1, 
0.741138, 0.018330, 0, 1, 6.558688, 28.988369, 7.917045, 1.377305, -23.330172, -102.789116, 10.000000, 0.000000, 0.000000, 0.000000, 0.150000, 1, 
0.759783, 0.018645, 0, 1, 6.705496, 29.010494, 7.873848, 1.186696, -23.167641, -102.230408, 10.000000, 0.000000, 0.000000, 0.000000, 0.150000, 1, 
0.776910, 0.017127, 0, 1, 6.839677, 29.027836, 7.834464, 1.012573, -22.995358, -101.665710, 10.000000, 0.000000, 0.000000, 0.000000, 0.150000, 1, 
0.795705, 0.018795, 0, 1, 6.986119, 29.043295, 7.791554, 0.822460, -22.830374, -101.150734, 10.000000, 0.000000, 0.000000, 0.000000, 0.150000, 1, 
0.814274, 0.018569, 0, 1, 7.130020, 29.055099, 7.749512, 0.635675, -22.641245, -100.589966, 10.000000, 0.000000, 0.000000, 0.000000, 0.150000, 1, 
0.832914, 0.018640, 0, 1, 7.273691, 29.063473, 7.707673, 0.449198, -22.445721, -100.041176, 10.000000, 0.000000, 0.000000, 0.000000, 0.150000, 1, 
0.851562, 0.018648, 0, 1, 7.416650, 29.068390, 7.666199, 0.263658, -22.240479, -99.496162, 10.000000, 0.000000, 0.000000, 0.000000, 0.150000, 1, 
0.870916, 0.019354, 0, 1, 7.564197, 29.069786, 7.623570, 0.072135, -22.025970, -98.957520, 10.000000, 0.000000, 0.000000, 0.000000, 0.150000, 1, 
0.889556, 0.018640, 0, 1, 7.705543, 29.067711, 7.582947, -0.111294, -21.793583, -98.406212, 10.000000, 0.000000, 0.000000, 0.000000, 0.150000, 1, 
0.908250, 0.018694, 0, 1, 7.846545, 29.062210, 7.542642, -0.294278, -21.560583, -97.883553, 10.000000, 0.000000, 0.000000, 0.000000, 0.150000, 1, 
0.927284, 0.019034, 0, 1, 7.989339, 29.053082, 7.502065, -0.479608, -21.318098, -97.368271, 10.000000, 0.000000, 0.000000, 0.000000, 0.150000, 1, 
0.946654, 0.019370, 0, 1, 8.133864, 29.040157, 7.461267, -0.667213, -21.062544, -96.853462, 10.000000, 0.000000, 0.000000, 0.000000, 0.150000, 1, 
0.965309, 0.018655, 0, 1, 8.272330, 29.024357, 7.422475, -0.846937, -20.794130, -96.340515, 10.000000, 0.000000, 0.000000, 0.000000, 0.150000, 1, 
0.983839, 0.018530, 0, 1, 8.409163, 29.005371, 7.384436, -1.024561, -20.528471, -95.857605, 10.000000, 0.000000, 0.000000, 0.000000, 0.150000, 1, 
1.002377, 0.018538, 0, 1, 8.545360, 28.983099, 7.346880, -1.201393, -20.258434, -95.389221, 10.000000, 0.000000, 0.000000, 0.000000, 0.150000, 1, 
1.020950, 0.018573, 0, 1, 8.681124, 28.957510, 7.309766, -1.377711, -19.983068, -94.932281, 10.000000, 0.000000, 0.000000, 0.000000, 0.150000, 1, 
1.040215, 0.019265, 0, 1, 8.821215, 28.927462, 7.271808, -1.559739, -19.702991, -94.486465, 10.000000, 0.000000, 0.000000, 0.000000, 0.150000, 1, 
1.058658, 0.018443, 0, 1, 8.954668, 28.895496, 7.236012, -1.733171, -19.409216, -94.036888, 10.000000, 0.000000, 0.000000, 0.000000, 0.150000, 1, 
1.077014, 0.018356, 0, 1, 9.086848, 28.860527, 7.200903, -1.905018, -19.126249, -93.618874, 10.000000, 0.000000, 0.000000, 0.000000, 0.150000, 1, 
1.094921, 0.017907, 0, 1, 9.215191, 28.823425, 7.167159, -2.071938, -18.844162, -93.214722, 10.000000, 0.000000, 0.000000, 0.000000, 0.150000, 1, 
1.113216, 0.018295, 0, 1, 9.345693, 28.782412, 7.133185, -2.241773, -18.569826, -92.831688, 10.000000, 0.000000, 0.000000, 0.000000, 0.150000, 1, 
1.131470, 0.018254, 0, 1, 9.475292, 28.738409, 7.099796, -2.410534, -18.291666, -92.451408, 10.000000, 0.000000, 0.000000, 0.000000, 0.150000, 1, 
1.149745, 0.018275, 0, 1, 9.604439, 28.691280, 7.066868, -2.578815, -18.017666, -92.082611, 10.000000, 0.000000, 0.000000, 0.000000, 0.150000, 1, 
1.168025, 0.018280, 0, 1, 9.733028, 28.641075, 7.034424, -2.746485, -17.748260, -91.723373, 10.000000, 0.000000, 0.000000, 0.000000, 0.150000, 1, 
1.186549, 0.018524, 0, 1, 9.862734, 28.587065, 7.002035, -2.915745, -17.485081, -91.373207, 10.000000, 0.000000, 0.000000, 0.000000, 0.150000, 1, 
1.206236, 0.019687, 0, 1, 9.999915, 28.526134, 6.968122, -3.094950, -17.226204, -91.026764, 10.000000, 0.000000, 0.000000, 0.000000, 0.150000, 1, 
1.224868, 0.018632, 0, 1, 10.129156, 28.465322, 6.936520, -3.263880, -16.961184, -90.666550, 10.000000, 0.000000, 0.000000, 0.000000, 0.150000, 1, 
1.243129, 0.018261, 0, 1, 10.255266, 28.402708, 6.905985, -3.428835, -16.721560, -90.331909, 10.000000, 0.000000, 0.000000, 0.000000, 0.150000, 1, 
1.261415, 0.018286, 0, 1, 10.380998, 28.336998, 6.875816, -3.593424, -16.498497, -90.008461, 10.000000, 0.000000, 0.000000, 0.000000, 0.150000, 1, 
1.280479, 0.019064, 0, 1, 10.511486, 28.265234, 6.844765, -3.764405, -16.287964, -89.687614, 10.000000, 0.000000, 0.000000, 0.000000, 0.150000, 1, 
1.298871, 0.018392, 0, 1, 10.636831, 28.192976, 6.815185, -3.928746, -16.083265, -89.354706, 10.000000, 0.000000, 0.000000, 0.000000, 0.150000, 1, 
1.317176, 0.018305, 0, 1, 10.761050, 28.118076, 6.786077, -4.091722, -15.901175, -89.033455, 10.000000, 0.000000, 0.000000, 0.000000, 0.150000, 1, 
1.335336, 0.018160, 0, 1, 10.883766, 28.040846, 6.757501, -4.252822, -15.735797, -88.711967, 10.000000, 0.000000, 0.000000, 0.000000, 0.150000, 1, 
1.353585, 0.018249, 0, 1, 11.006565, 27.960293, 6.729054, -4.414124, -15.588072, -88.389671, 10.000000, 0.000000, 0.000000, 0.000000, 0.150000, 1, 
1.372017, 0.018432, 0, 1, 11.130070, 27.875940, 6.700565, -4.576438, -15.456602, -88.060776, 10.000000, 0.000000, 0.000000, 0.000000, 0.150000, 1, 
1.390207, 0.018190, 0, 1, 11.251446, 27.789793, 6.672658, -4.736004, -15.341539, -87.721832, 10.000000, 0.000000, 0.000000, 0.000000, 0.150000, 1, 
1.408458, 0.018251, 0, 1, 11.372721, 27.700445, 6.644834, -4.895480, -15.245775, -87.379120, 10.000000, 0.000000, 0.000000, 0.000000, 0.150000, 1, 
1.426699, 0.018241, 0, 1, 11.493424, 27.608252, 6.617167, -5.054223, -15.167600, -87.025497, 10.000000, 0.000000, 0.000000, 0.000000, 0.150000, 1, 
1.445161, 0.018462, 0, 1, 11.615076, 27.511986, 6.589275, -5.214216, -15.107407, -86.660889, 10.000000, 0.000000, 0.000000, 0.000000, 0.150000, 1, 
1.463968, 0.018807, 0, 1, 11.738468, 27.410870, 6.560943, -5.376482, -15.064614, -86.279091, 10.000000, 0.000000, 0.000000, 0.000000, 0.150000, 1, 
1.482297, 0.018329, 0, 1, 11.858218, 27.309439, 6.533377, -5.533883, -15.039491, -85.875618, 10.000000, 0.000000, 0.000000, 0.000000, 0.150000, 1, 
1.500510, 0.018213, 0, 1, 11.976712, 27.205814, 6.505999, -5.689545, -15.032528, -85.467186, 10.000000, 0.000000, 0.000000, 0.000000, 0.150000, 1, 
1.519925, 0.019415, 0, 1, 12.102459, 27.092146, 6.476794, -5.854661, -15.042214, -85.045464, 10.000000, 0.000000, 0.000000, 0.000000, 0.150000, 1, 
1.538287, 0.018362, 0, 1, 12.220878, 26.981791, 6.449122, -6.009962, -15.070103, -84.577461, 10.000000, 0.000000, 0.000000, 0.000000, 0.150000, 1, 
1.556454, 0.018167, 0, 1, 12.337540, 26.869831, 6.421668, -6.162776, -15.112332, -84.116760, 10.000000, 0.000000, 0.000000, 0.000000, 0.150000, 1, 
1.574780, 0.018326, 0, 1, 12.454714, 26.754084, 6.393870, -6.316061, -15.168477, -83.643036, 10.000000, 0.000000, 0.000000, 0.000000, 0.150000, 1, 
1.593110, 0.018330, 0, 1, 12.571402, 26.635517, 6.365938, -6.468469, -15.238737, -83.146706, 10.000000, 0.000000, 0.000000, 0.000000, 0.150000, 1, 
1.611288, 0.018178, 0, 1, 12.686615, 26.515203, 6.338086, -6.618676, -15.321761, -82.631454, 10.000000, 0.000000, 0.000000, 0.000000, 0.150000, 1, 
1.629496, 0.018208, 0, 1, 12.801508, 26.391968, 6.310017, -6.768167, -15.415737, -82.101799, 10.000000, 0.000000, 0.000000, 0.000000, 0.150000, 1, 
1.647644, 0.018148, 0, 1, 12.915511, 26.266453, 6.281850, -6.916169, -15.520521, -81.552582, 10.000000, 0.000000, 0.000000, 0.000000, 0.150000, 1, 
1.665882, 0.018238, 0, 1, 13.029559, 26.137623, 6.253335, -7.063872, -15.634595, -80.986679, 10.000000, 0.000000, 0.000000, 0.000000, 0.150000, 1, 
1.684187, 0.018305, 0, 1, 13.143498, 26.005625, 6.224491, -7.211044, -15.757950, -80.399551, 10.000000, 0.000000, 0.000000, 0.000000, 0.150000, 1, 
1.702360, 0.018173, 0, 1, 13.256091, 25.871943, 6.195614, -7.356050, -15.889569, -79.792007, 10.000000, 0.000000, 0.000000, 0.000000, 0.150000, 1, 
1.720632, 0.018272, 0, 1, 13.368762, 25.734890, 6.166330, -7.500711, -16.027006, -79.171143, 10.000000, 0.000000, 0.000000, 0.000000, 0.150000, 1, 
1.738809, 0.018177, 0, 1, 13.480313, 25.595955, 6.136936, -7.643455, -16.171066, -78.529541, 10.000000, 0.000000, 0.000000, 0.000000, 0.150000, 1, 
1.758021, 0.019212, 0, 1, 13.597613, 25.446234, 6.105583, -7.793067, -16.319315, -77.874550, 10.000000, 0.000000, 0.000000, 0.000000, 0.150000, 1, 
1.776517, 0.018496, 0, 1, 13.709978, 25.299454, 6.075101, -7.935791, -16.480501, -77.164551, 10.000000, 0.000000, 0.000000, 0.000000, 0.150000, 1, 
1.794740, 0.018223, 0, 1, 13.820132, 25.152300, 6.044780, -8.075132, -16.639009, -76.464767, 10.000000, 0.000000, 0.000000, 0.000000, 0.150000, 1, 
1.811909, 0.017169, 0, 1, 13.923420, 25.011425, 6.015940, -8.205205, -16.797586, -75.760345, 10.000000, 0.000000, 0.000000, 0.000000, 0.150000, 1, 
1.830240, 0.018331, 0, 1, 14.033129, 24.858492, 5.984872, -8.342841, -16.948442, -75.083832, 10.000000, 0.000000, 0.000000, 0.000000, 0.150000, 1, 
1.848495, 0.018254, 0, 1, 14.141807, 24.703724, 5.953638, -8.478556, -17.110582, -74.348045, 10.000000, 0.000000, 0.000000, 0.000000, 0.150000, 1, 
1.866871, 0.018377, 0, 1, 14.250633, 24.545427, 5.921896, -8.613815, -17.272375, -73.602463, 10.000000, 0.000000, 0.000000, 0.000000, 0.150000, 1, 
1.885196, 0.018325, 0, 1, 14.358566, 24.385134, 5.889947, -8.747293, -17.434984, -72.839584, 10.000000, 0.000000, 0.000000, 0.000000, 0.150000, 1, 
1.903377, 0.018181, 0, 1, 14.465070, 24.223717, 5.857955, -8.878319, -17.596254, -72.067406, 10.000000, 0.000000, 0.000000, 0.000000, 0.150000, 1, 
1.921692, 0.018315, 0, 1, 14.571763, 24.058720, 5.825437, -9.008888, -17.754837, -71.290764, 10.000000, 0.000000, 0.000000, 0.000000, 0.150000, 1, 
1.940854, 0.019162, 0, 1, 14.682733, 23.883503, 5.791113, -9.143977, -17.912701, -70.498474, 10.000000, 0.000000, 0.000000, 0.000000, 0.150000, 1, 
1.959270, 0.018416, 0, 1, 14.788769, 23.712746, 5.757825, -9.272263, -18.075392, -69.659546, 10.000000, 0.000000, 0.000000, 0.000000, 0.150000, 1, 
1.977698, 0.018428, 0, 1, 14.894255, 23.539539, 5.724234, -9.399130, -18.228771, -68.844826, 10.000000, 0.000000, 0.000000, 0.000000, 0.150000, 1, 
1.995966, 0.018268, 0, 1, 14.998212, 23.365566, 5.690659, -9.523393, -18.378992, -68.021881, 10.000000, 0.000000, 0.000000, 0.000000, 0.150000, 1, 
2.015453, 0.019487, 0, 1, 15.108402, 23.177433, 5.654561, -9.654344, -18.524334, -67.199272, 10.000000, 0.000000, 0.000000, 0.000000, 0.150000, 1, 
2.034100, 0.018647, 0, 1, 15.213194, 22.995102, 5.619737, -9.778001, -18.675249, -66.314720, 10.000000, 0.000000, 0.000000, 0.000000, 0.150000, 1, 
2.052677, 0.018577, 0, 1, 15.316942, 22.811197, 5.584784, -9.899611, -18.815113, -65.462837, 10.000000, 0.000000, 0.000000, 0.000000, 0.150000, 1, 
2.072892, 0.020215, 0, 1, 15.429064, 22.608437, 5.546477, -10.030219, -18.949869, -64.609390, 10.000000, 0.000000, 0.000000, 0.000000, 0.150000, 1, 
2.089742, 0.016850, 0, 1, 15.521980, 22.437620, 5.514308, -10.137512, -19.091209, -63.675556, 10.000000, 0.000000, 0.000000, 0.000000, 0.150000, 1, 
2.108145, 0.018403, 0, 1, 15.622809, 22.248930, 5.478967, -10.253258, -19.204134, -62.895084, 10.000000, 0.000000, 0.000000, 0.000000, 0.150000, 1, 
2.126391, 0.018246, 0, 1, 15.722136, 22.059784, 5.443710, -10.366455, -19.322741, -62.039711, 10.000000, 0.000000, 0.000000, 0.000000, 0.150000, 1, 
2.144702, 0.018311, 0, 1, 15.821164, 21.867912, 5.408123, -10.478499, -19.435110, -61.189724, 10.000000, 0.000000, 0.000000, 0.000000, 0.150000, 1, 
2.163015, 0.018313, 0, 1, 15.919548, 21.673996, 5.372334, -10.588991, -19.542561, -60.335342, 10.000000, 0.000000, 0.000000, 0.000000, 0.150000, 1, 
2.181313, 0.018298, 0, 1, 16.017193, 21.478247, 5.336389, -10.697828, -19.644558, -59.480125, 10.000000, 0.000000, 0.000000, 0.000000, 0.150000, 1, 
2.199604, 0.018291, 0, 1, 16.114140, 21.280611, 5.300281, -10.805060, -19.740940, -58.625450, 10.000000, 0.000000, 0.000000, 0.000000, 0.150000, 1, 
2.218002, 0.018398, 0, 1, 16.210983, 21.079865, 5.263795, -10.911348, -19.831669, -57.771492, 10.000000, 0.000000, 0.000000, 0.000000, 0.150000, 1, 
2.236210, 0.018208, 0, 1, 16.306166, 20.879303, 5.227530, -11.014977, -19.917240, -56.913448, 10.000000, 0.000000, 0.000000, 0.000000, 0.150000, 1, 
2.255798, 0.019588, 0, 1, 16.407795, 20.661390, 5.188361, -11.124798, -19.996218, -56.065781, 10.000000, 0.000000, 0.000000, 0.000000, 0.150000, 1, 
2.274254, 0.018456, 0, 1, 16.502867, 20.454193, 5.151311, -11.226593, -20.074986, -55.155548, 10.000000, 0.000000, 0.000000, 0.000000, 0.150000, 1, 
2.292552, 0.018298, 0, 1, 16.596451, 20.246950, 5.114453, -11.325953, -20.143061, -54.300892, 10.000000, 0.000000, 0.000000, 0.000000, 0.150000, 1, 
2.311011, 0.018459, 0, 1, 16.690170, 20.036062, 5.077157, -11.424628, -20.204773, -53.456543, 10.000000, 0.000000, 0.000000, 0.000000, 0.150000, 1, 
2.329301, 0.018290, 0, 1, 16.782354, 19.825346, 5.040100, -11.520848, -20.261229, -52.608150, 10.000000, 0.000000, 0.000000, 0.000000, 0.150000, 1, 
2.347524, 0.018223, 0, 1, 16.873526, 19.613682, 5.003086, -11.615191, -20.311417, -51.771397, 10.000000, 0.000000, 0.000000, 0.000000, 0.150000, 1, 
2.365762, 0.018238, 0, 1, 16.964094, 19.400150, 4.965961, -11.708099, -20.355776, -50.941914, 10.000000, 0.000000, 0.000000, 0.000000, 0.150000, 1, 
2.383991, 0.018228, 0, 1, 17.053936, 19.185070, 4.928786, -11.799452, -20.394579, -50.116310, 10.000000, 0.000000, 0.000000, 0.000000, 0.150000, 1, 
2.400769, 0.016778, 0, 1, 17.136057, 18.985712, 4.894513, -11.882161, -20.427813, -49.296078, 10.000000, 0.000000, 0.000000, 0.000000, 0.150000, 1, 
2.419306, 0.018537, 0, 1, 17.226084, 18.763784, 4.856598, -11.972151, -20.453445, -48.546207, 10.000000, 0.000000, 0.000000, 0.000000, 0.150000, 1, 
2.437591, 0.018285, 0, 1, 17.314201, 18.543278, 4.819157, -12.059412, -20.476557, -47.722595, 10.000000, 0.000000, 0.000000, 0.000000, 0.150000, 1, 
2.456169, 0.018578, 0, 1, 17.403025, 18.317619, 4.781083, -12.146573, -20.493917, -46.916214, 10.000000, 0.000000, 0.000000, 0.000000, 0.150000, 1, 
2.474596, 0.018427, 0, 1, 17.490429, 18.092230, 4.743297, -12.231527, -20.506132, -46.103168, 10.000000, 0.000000, 0.000000, 0.000000, 0.150000, 1, 
2.493451, 0.018855, 0, 1, 17.579134, 17.859993, 4.704619, -12.316947, -20.512896, -45.303432, 10.000000, 0.000000, 0.000000, 0.000000, 0.150000, 1, 
2.511986, 0.018535, 0, 1, 17.665628, 17.630169, 4.666596, -12.399413, -20.514450, -44.492062, 10.000000, 0.000000, 0.000000, 0.000000, 0.150000, 1, 
2.530427, 0.018441, 0, 1, 17.750988, 17.400024, 4.628772, -12.480003, -20.510715, -43.701862, 10.000000, 0.000000, 0.000000, 0.000000, 0.150000, 1, 
2.548683, 0.018257, 0, 1, 17.834812, 17.170746, 4.591342, -12.558368, -20.501932, -42.923088, 10.000000, 0.000000, 0.000000, 0.000000, 0.150000, 1, 
2.567012, 0.018329, 0, 1, 17.918278, 16.939148, 4.553789, -12.635642, -20.488367, -42.159649, 10.000000, 0.000000, 0.000000, 0.000000, 0.150000, 1, 
2.585203, 0.018191, 0, 1, 18.000439, 16.707924, 4.516551, -12.710955, -20.469976, -41.400848, 10.000000, 0.000000, 0.000000, 0.000000, 0.150000, 1, 
2.603616, 0.018412, 0, 1, 18.082905, 16.472511, 4.478904, -12.785810, -20.447100, -40.655605, 10.000000, 0.000000, 0.000000, 0.000000, 0.150000, 1, 
2.622410, 0.018794, 0, 1, 18.166361, 16.230804, 4.440528, -12.860815, -20.419382, -39.909328, 10.000000, 0.000000, 0.000000, 0.000000, 0.150000, 1, 
2.640687, 0.018278, 0, 1, 18.246843, 15.994427, 4.403265, -12.932384, -20.386465, -39.155991, 10.000000, 0.000000, 0.000000, 0.000000, 0.150000, 1, 
2.658998, 0.018310, 0, 1, 18.326784, 15.756347, 4.366004, -13.002753, -20.350046, -38.431946, 10.000000, 0.000000, 0.000000, 0.000000, 0.150000, 1, 
2.677307, 0.018309, 0, 1, 18.406040, 15.517015, 4.328820, -13.071806, -20.309336, -37.715107, 10.000000, 0.000000, 0.000000, 0.000000, 0.150000, 1, 
2.695530, 0.018223, 0, 1, 18.484251, 15.277579, 4.291892, -13.139244, -20.264519, -37.006897, 10.000000, 0.000000, 0.000000, 0.000000, 0.150000, 1, 
2.713947, 0.018417, 0, 1, 18.562609, 15.034362, 4.254660, -13.206118, -20.215939, -36.310699, 10.000000, 0.000000, 0.000000, 0.000000, 0.150000, 1, 
2.732417, 0.018470, 0, 1, 18.640505, 14.789229, 4.217419, -13.271900, -20.162941, -35.615868, 10.000000, 0.000000, 0.000000, 0.000000, 0.150000, 1, 
2.751224, 0.018807, 0, 1, 18.719110, 14.538389, 4.179606, -13.337589, -20.105959, -34.928070, 10.000000, 0.000000, 0.000000, 0.000000, 0.150000, 1, 
2.769642, 0.018418, 0, 1, 18.795410, 14.291576, 4.142689, -13.400647, -20.044121, -34.236958, 10.000000, 0.000000, 0.000000, 0.000000, 0.150000, 1, 
2.787970, 0.018328, 0, 1, 18.870667, 14.044842, 4.106070, -13.462173, -19.979929, -33.569519, 10.000000, 0.000000, 0.000000, 0.000000, 0.150000, 1, 
2.806241, 0.018271, 0, 1, 18.945024, 13.797775, 4.069687, -13.522311, -19.912603, -32.914474, 10.000000, 0.000000, 0.000000, 0.000000, 0.150000, 1, 
2.824618, 0.018377, 0, 1, 19.019142, 13.548186, 4.033224, -13.581614, -19.842175, -32.270599, 10.000000, 0.000000, 0.000000, 0.000000, 0.150000, 1, 
2.842975, 0.018357, 0, 1, 19.092514, 13.297803, 3.996935, -13.639682, -19.768127, -31.632141, 10.000000, 0.000000, 0.000000, 0.000000, 0.150000, 1, 
2.861509, 0.018534, 0, 1, 19.165916, 13.043940, 3.960440, -13.697144, -19.691053, -31.003601, 10.000000, 0.000000, 0.000000, 0.000000, 0.150000, 1, 
2.879872, 0.018363, 0, 1, 19.237980, 12.791394, 3.924430, -13.752927, -19.610189, -30.378326, 10.000000, 0.000000, 0.000000, 0.000000, 0.150000, 1, 
2.898563, 0.018691, 0, 1, 19.310650, 12.533298, 3.887931, -13.808566, -19.527182, -29.768166, 10.000000, 0.000000, 0.000000, 0.000000, 0.150000, 1, 
2.916877, 0.018314, 0, 1, 19.381201, 12.279430, 3.852329, -13.861963, -19.439840, -29.156525, 10.000000, 0.000000, 0.000000, 0.000000, 0.150000, 1, 
2.935386, 0.018509, 0, 1, 19.451841, 12.021881, 3.816511, -13.914837, -19.351570, -28.566612, 10.000000, 0.000000, 0.000000, 0.000000, 0.150000, 1, 
2.954421, 0.019035, 0, 1, 19.523790, 11.755999, 3.779850, -13.968096, -19.259769, -27.979691, 10.000000, 0.000000, 0.000000, 0.000000, 0.150000, 1, 
2.973056, 0.018635, 0, 1, 19.593563, 11.494752, 3.744141, -14.019129, -19.162777, -27.385681, 10.000000, 0.000000, 0.000000, 0.000000, 0.150000, 1, 
2.990482, 0.017426, 0, 1, 19.658230, 11.249640, 3.710917, -14.065855, -19.065363, -26.813828, 10.000000, 0.000000, 0.000000, 0.000000, 0.150000, 1, 
3.008847, 0.018365, 0, 1, 19.725740, 10.990435, 3.676075, -14.114133, -18.972155, -26.287956, 10.000000, 0.000000, 0.000000, 0.000000, 0.150000, 1, 
3.027291, 0.018444, 0, 1, 19.792900, 10.729238, 3.641268, -14.161612, -18.871849, -25.742325, 10.000000, 0.000000, 0.000000, 0.000000, 0.150000, 1, 
3.045622, 0.018331, 0, 1, 19.859018, 10.468794, 3.606862, -14.207812, -18.769043, -25.203468, 10.000000, 0.000000, 0.000000, 0.000000, 0.150000, 1, 
3.063901, 0.018279, 0, 1, 19.924324, 10.208264, 3.572745, -14.252919, -18.664911, -24.676926, 10.000000, 0.000000, 0.000000, 0.000000, 0.150000, 1, 
3.082822, 0.018921, 0, 1, 19.991259, 9.937720, 3.537629, -14.298634, -18.559227, -24.160782, 10.000000, 0.000000, 0.000000, 0.000000, 0.150000, 1, 
3.101393, 0.018571, 0, 1, 20.056320, 9.671365, 3.503369, -14.342527, -18.447994, -23.635612, 10.000000, 0.000000, 0.000000, 0.000000, 0.150000, 1, 
3.119766, 0.018373, 0, 1, 20.120070, 9.407069, 3.469678, -14.385023, -18.337074, -23.129379, 10.000000, 0.000000, 0.000000, 0.000000, 0.150000, 1, 
3.138411, 0.018645, 0, 1, 20.184128, 9.138074, 3.435696, -14.427231, -18.225744, -22.637421, 10.000000, 0.000000, 0.000000, 0.000000, 0.150000, 1, 
3.156984, 0.018573, 0, 1, 20.247314, 8.869353, 3.402058, -14.468365, -18.111248, -22.146980, 10.000000, 0.000000, 0.000000, 0.000000, 0.150000, 1, 
3.175420, 0.018436, 0, 1, 20.309423, 8.601878, 3.368881, -14.508310, -17.995731, -21.667282, 10.000000, 0.000000, 0.000000, 0.000000, 0.150000, 1, 
3.193778, 0.018358, 0, 1, 20.370667, 8.334820, 3.336058, -14.547229, -17.879715, -21.199806, 10.000000, 0.000000, 0.000000, 0.000000, 0.150000, 1, 
3.212137, 0.018359, 0, 1, 20.431314, 8.067048, 3.303447, -14.585311, -17.762951, -20.742790, 10.000000, 0.000000, 0.000000, 0.000000, 0.150000, 1, 
3.231699, 0.019562, 0, 1, 20.495262, 7.780953, 3.268930, -14.625010, -17.645016, -20.294106, 10.000000, 0.000000, 0.000000, 0.000000, 0.150000, 1, 
3.250143, 0.018444, 0, 1, 20.554958, 7.510535, 3.236619, -14.661575, -17.518141, -19.824791, 10.000000, 0.000000, 0.000000, 0.000000, 0.150000, 1, 
3.268735, 0.018592, 0, 1, 20.614532, 7.237277, 3.204274, -14.697627, -17.397472, -19.391106, 10.000000, 0.000000, 0.000000, 0.000000, 0.150000, 1, 
3.287051, 0.018316, 0, 1, 20.672642, 6.967439, 3.172633, -14.732358, -17.274878, -18.962166, 10.000000, 0.000000, 0.000000, 0.000000, 0.150000, 1, 
3.305448, 0.018397, 0, 1, 20.730429, 6.695780, 3.141076, -14.766480, -17.153236, -18.547684, 10.000000, 0.000000, 0.000000, 0.000000, 0.150000, 1, 
3.323751, 0.018303, 0, 1, 20.787350, 6.424902, 3.109906, -14.799681, -17.030260, -18.139244, 10.000000, 0.000000, 0.000000, 0.000000, 0.150000, 1, 
3.341983, 0.018232, 0, 1, 20.843487, 6.154484, 3.079081, -14.832026, -16.907177, -17.740707, 10.000000, 0.000000, 0.000000, 0.000000, 0.150000, 1, 
3.360300, 0.018317, 0, 1, 20.899323, 5.882224, 3.048338, -14.863808, -16.783930, -17.351318, 10.000000, 0.000000, 0.000000, 0.000000, 0.150000, 1, 
3.378615, 0.018315, 0, 1, 20.954594, 5.609424, 3.017826, -14.894884, -16.659496, -16.967667, 10.000000, 0.000000, 0.000000, 0.000000, 0.150000, 1, 
3.396836, 0.018221, 0, 1, 21.009033, 5.337473, 2.987698, -14.925116, -16.534554, -16.591507, 10.000000, 0.000000, 0.000000, 0.000000, 0.150000, 1, 
3.415229, 0.018393, 0, 1, 21.063431, 5.062407, 2.957516, -14.954958, -16.409765, -16.224617, 10.000000, 0.000000, 0.000000, 0.000000, 0.150000, 1, 
3.433522, 0.018293, 0, 1, 21.116987, 4.788305, 2.927728, -14.983974, -16.283392, -15.861511, 10.000000, 0.000000, 0.000000, 0.000000, 0.150000, 1, 
3.451974, 0.018452, 0, 1, 21.170460, 4.511293, 2.897915, -15.012589, -16.157326, -15.507584, 10.000000, 0.000000, 0.000000, 0.000000, 0.150000, 1, 
3.470889, 0.018915, 0, 1, 21.224701, 4.226788, 2.867594, -15.041259, -16.029856, -15.157654, 10.000000, 0.000000, 0.000000, 0.000000, 0.150000, 1, 
3.489443, 0.018554, 0, 1, 21.277359, 3.947202, 2.838096, -15.068730, -15.898904, -14.806198, 10.000000, 0.000000, 0.000000, 0.000000, 0.150000, 1, 
3.507707, 0.018264, 0, 1, 21.328669, 3.671504, 2.809293, -15.095156, -15.770246, -14.468620, 10.000000, 0.000000, 0.000000, 0.000000, 0.150000, 1, 
3.526068, 0.018361, 0, 1, 21.379723, 3.393866, 2.780570, -15.121124, -15.643450, -14.143135, 10.000000, 0.000000, 0.000000, 0.000000, 0.150000, 1, 
3.544403, 0.018335, 0, 1, 21.430183, 3.116155, 2.752121, -15.146468, -15.515870, -13.822563, 10.000000, 0.000000, 0.000000, 0.000000, 0.150000, 1, 
3.562674, 0.018271, 0, 1, 21.479954, 2.838963, 2.724005, -15.171150, -15.388402, -13.509003, 10.000000, 0.000000, 0.000000, 0.000000, 0.150000, 1, 
3.579427, 0.016753, 0, 1, 21.525160, 2.584430, 2.698438, -15.193269, -15.261357, -13.202957, 10.000000, 0.000000, 0.000000, 0.000000, 0.150000, 1, 
3.597834, 0.018407, 0, 1, 21.574316, 2.304330, 2.670561, -15.217066, -15.144917, -12.928131, 10.000000, 0.000000, 0.000000, 0.000000, 0.150000, 1, 
3.616258, 0.018424, 0, 1, 21.623009, 2.023542, 2.642893, -15.240339, -15.017015, -12.631889, 10.000000, 0.000000, 0.000000, 0.000000, 0.150000, 1, 
3.634595, 0.018337, 0, 1, 21.670971, 1.743665, 2.615591, -15.262970, -14.889082, -12.341576, 10.000000, 0.000000, 0.000000, 0.000000, 0.150000, 1, 
3.653273, 0.018678, 0, 1, 21.719311, 1.458162, 2.588019, -15.285493, -14.761899, -12.058701, 10.000000, 0.000000, 0.000000, 0.000000, 0.150000, 1, 
3.672109, 0.018836, 0, 1, 21.767540, 1.169827, 2.560457, -15.307675, -14.632528, -11.776619, 10.000000, 0.000000, 0.000000, 0.000000, 0.150000, 1, 
3.690789, 0.018680, 0, 1, 21.814863, 0.883478, 2.533367, -15.329154, -14.502270, -11.498268, 10.000000, 0.000000, 0.000000, 0.000000, 0.150000, 1, 
3.709147, 0.018358, 0, 1, 21.860886, 0.601687, 2.506980, -15.349767, -14.373354, -11.228233, 10.000000, 0.000000, 0.000000, 0.000000, 0.150000, 1, 
3.727934, 0.018787, 0, 1, 21.907482, 0.312924, 2.480214, -15.370374, -14.246950, -10.968590, 10.000000, 0.000000, 0.000000, 0.000000, 0.150000, 1, 
3.746556, 0.018622, 0, 1, 21.953178, 0.026326, 2.453924, -15.390315, -14.117909, -10.708557, 10.000000, 0.000000, 0.000000, 0.000000, 0.150000, 1, 
3.765486, 0.018930, 0, 1, 21.999130, -0.265388, 2.427440, -15.410110, -13.990355, -10.456474, 10.000000, 0.000000, 0.000000, 0.000000, 0.150000, 1, 
3.784528, 0.019042, 0, 1, 22.044851, -0.559197, 2.401046, -15.429543, -13.861070, -10.205803, 10.000000, 0.000000, 0.000000, 0.000000, 0.150000, 1, 
3.803345, 0.018817, 0, 1, 22.089546, -0.849887, 2.375207, -15.448284, -13.731448, -9.959282, 10.000000, 0.000000, 0.000000, 0.000000, 0.150000, 1, 
3.821584, 0.018239, 0, 1, 22.132416, -1.131972, 2.350395, -15.466015, -13.603817, -9.721138, 10.000000, 0.000000, 0.000000, 0.000000, 0.150000, 1, 
3.839926, 0.018342, 0, 1, 22.175074, -1.415969, 2.325669, -15.483432, -13.480577, -9.495461, 10.000000, 0.000000, 0.000000, 0.000000, 0.150000, 1, 
3.858298, 0.018372, 0, 1, 22.217350, -1.700744, 2.301130, -15.500469, -13.357099, -9.273422, 10.000000, 0.000000, 0.000000, 0.000000, 0.150000, 1, 
3.876594, 0.018296, 0, 1, 22.259008, -1.984643, 2.276917, -15.517037, -13.233932, -9.055885, 10.000000, 0.000000, 0.000000, 0.000000, 0.150000, 1, 
3.894897, 0.018303, 0, 1, 22.300243, -2.268948, 2.252918, -15.533224, -13.111790, -8.844009, 10.000000, 0.000000, 0.000000, 0.000000, 0.150000, 1, 
3.913970, 0.019073, 0, 1, 22.342741, -2.565527, 2.228142, -15.549697, -12.990140, -8.636719, 10.000000, 0.000000, 0.000000, 0.000000, 0.150000, 1, 
3.932315, 0.018345, 0, 1, 22.383183, -2.851070, 2.204543, -15.565153, -12.863940, -8.425446, 10.000000, 0.000000, 0.000000, 0.000000, 0.150000, 1, 
3.951452, 0.019137, 0, 1, 22.424904, -3.149242, 2.180157, -15.580897, -12.743177, -8.226921, 10.000000, 0.000000, 0.000000, 0.000000, 0.150000, 1, 
3.970844, 0.019392, 0, 1, 22.466707, -3.451689, 2.155688, -15.596458, -12.617820, -8.024406, 10.000000, 0.000000, 0.000000, 0.000000, 0.150000, 1, 
3.989304, 0.018460, 0, 1, 22.506075, -3.739866, 2.132629, -15.610902, -12.491461, -7.823959, 10.000000, 0.000000, 0.000000, 0.000000, 0.150000, 1, 
4.007665, 0.018361, 0, 1, 22.544815, -4.026755, 2.109913, -15.624926, -12.371861, -7.637650, 10.000000, 0.000000, 0.000000, 0.000000, 0.150000, 1, 
4.025976, 0.018311, 0, 1, 22.583038, -4.313113, 2.087476, -15.638579, -12.253552, -7.456505, 10.000000, 0.000000, 0.000000, 0.000000, 0.150000, 1, 
4.044299, 0.018323, 0, 1, 22.620880, -4.599903, 2.065238, -15.651918, -12.136230, -7.279915, 10.000000, 0.000000, 0.000000, 0.000000, 0.150000, 1, 
4.062535, 0.018236, 0, 1, 22.658142, -4.885567, 2.043319, -15.664879, -12.019513, -7.107162, 10.000000, 0.000000, 0.000000, 0.000000, 0.150000, 1, 
4.082049, 0.019514, 0, 1, 22.697561, -5.191516, 2.020090, -15.678420, -11.904019, -6.939125, 10.000000, 0.000000, 0.000000, 0.000000, 0.150000, 1, 
4.100607, 0.018558, 0, 1, 22.734644, -5.482709, 1.998226, -15.690971, -11.781182, -6.763329, 10.000000, 0.000000, 0.000000, 0.000000, 0.150000, 1, 
4.119339, 0.018731, 0, 1, 22.771664, -5.776848, 1.976376, -15.703334, -11.665124, -6.600174, 10.000000, 0.000000, 0.000000, 0.000000, 0.150000, 1, 
4.138369, 0.019030, 0, 1, 22.808855, -6.075915, 1.954399, -15.715588, -11.548743, -6.439285, 10.000000, 0.000000, 0.000000, 0.000000, 0.150000, 1, 
4.156710, 0.018341, 0, 1, 22.844316, -6.364366, 1.933433, -15.727105, -11.431272, -6.279610, 10.000000, 0.000000, 0.000000, 0.000000, 0.150000, 1, 
4.173803, 0.017093, 0, 1, 22.877033, -6.633368, 1.914086, -15.737582, -11.318830, -6.129356, 10.000000, 0.000000, 0.000000, 0.000000, 0.150000, 1, 
4.192491, 0.018688, 0, 1, 22.912413, -6.927682, 1.893128, -15.748781, -11.214751, -5.992523, 10.000000, 0.000000, 0.000000, 0.000000, 0.150000, 1, 
4.211628, 0.019137, 0, 1, 22.948235, -7.229280, 1.871882, -15.759969, -11.101665, -5.846100, 10.000000, 0.000000, 0.000000, 0.000000, 0.150000, 1, 
4.230436, 0.018808, 0, 1, 22.983053, -7.525896, 1.851219, -15.770689, -10.986676, -5.699677, 10.000000, 0.000000, 0.000000, 0.000000, 0.150000, 1, 
4.249200, 0.018764, 0, 1, 23.017406, -7.822012, 1.830814, -15.781120, -10.874497, -5.559219, 10.000000, 0.000000, 0.000000, 0.000000, 0.150000, 1, 
4.267624, 0.018424, 0, 1, 23.050772, -8.112947, 1.810983, -15.791110, -10.763397, -5.422386, 10.000000, 0.000000, 0.000000, 0.000000, 0.150000, 1, 
4.285895, 0.018271, 0, 1, 23.083504, -8.401644, 1.791515, -15.800777, -10.655128, -5.291214, 10.000000, 0.000000, 0.000000, 0.000000, 0.150000, 1, 
4.304335, 0.018440, 0, 1, 23.116180, -8.693186, 1.772064, -15.810300, -10.548542, -5.164146, 10.000000, 0.000000, 0.000000, 0.000000, 0.150000, 1, 
4.322817, 0.018482, 0, 1, 23.148575, -8.985564, 1.752765, -15.819613, -10.441768, -5.038849, 10.000000, 0.000000, 0.000000, 0.000000, 0.150000, 1, 
4.341063, 0.018246, 0, 1, 23.180212, -9.274372, 1.733907, -15.828583, -10.335568, -4.916199, 10.000000, 0.000000, 0.000000, 0.000000, 0.150000, 1, 
4.359329, 0.018266, 0, 1, 23.211542, -9.563657, 1.715218, -15.837347, -10.231524, -4.797943, 10.000000, 0.000000, 0.000000, 0.000000, 0.150000, 1, 
4.377641, 0.018312, 0, 1, 23.242611, -9.853827, 1.696671, -15.845922, -10.128161, -4.682297, 10.000000, 0.000000, 0.000000, 0.000000, 0.150000, 1, 
4.395900, 0.018259, 0, 1, 23.273256, -10.143311, 1.678366, -15.854264, -10.025348, -4.569038, 10.000000, 0.000000, 0.000000, 0.000000, 0.150000, 1, 
4.414680, 0.018780, 0, 1, 23.304426, -10.441211, 1.659729, -15.862638, -9.923645, -4.458740, 10.000000, 0.000000, 0.000000, 0.000000, 0.150000, 1, 
4.433036, 0.018356, 0, 1, 23.334560, -10.732532, 1.641704, -15.870619, -9.819867, -4.347954, 10.000000, 0.000000, 0.000000, 0.000000, 0.150000, 1, 
4.452670, 0.019634, 0, 1, 23.366419, -11.044299, 1.622621, -15.878948, -9.719271, -4.242249, 10.000000, 0.000000, 0.000000, 0.000000, 0.150000, 1, 
4.471958, 0.019288, 0, 1, 23.397358, -11.350726, 1.604081, -15.886918, -9.612541, -4.131836, 10.000000, 0.000000, 0.000000, 0.000000, 0.150000, 1, 
4.491103, 0.019145, 0, 1, 23.427719, -11.655028, 1.585876, -15.894626, -9.508609, -4.026093, 10.000000, 0.000000, 0.000000, 0.000000, 0.150000, 1, 
4.510012, 0.018909, 0, 1, 23.457371, -11.955720, 1.568090, -15.902045, -9.406357, -3.923721, 10.000000, 0.000000, 0.000000, 0.000000, 0.150000, 1, 
4.528846, 0.018834, 0, 1, 23.486574, -12.255355, 1.550563, -15.909249, -9.306245, -3.825104, 10.000000, 0.000000, 0.000000, 0.000000, 0.150000, 1, 
4.547774, 0.018928, 0, 1, 23.515593, -12.556619, 1.533135, -15.916308, -9.207397, -3.729256, 10.000000, 0.000000, 0.000000, 0.000000, 0.150000, 1, 
4.566624, 0.018850, 0, 1, 23.544168, -12.856771, 1.515965, -15.923161, -9.108924, -3.635277, 10.000000, 0.000000, 0.000000, 0.000000, 0.150000, 1, 
4.585433, 0.018809, 0, 1, 23.572363, -13.156395, 1.499014, -15.929827, -9.011725, -3.543961, 10.000000, 0.000000, 0.000000, 0.000000, 0.150000, 1, 
4.604432, 0.018999, 0, 1, 23.600521, -13.459170, 1.482076, -15.936391, -8.915602, -3.455055, 10.000000, 0.000000, 0.000000, 0.000000, 0.150000, 1, 
4.623379, 0.018947, 0, 1, 23.628284, -13.761238, 1.465366, -15.942771, -8.819375, -3.367439, 10.000000, 0.000000, 0.000000, 0.000000, 0.150000, 1, 
4.642436, 0.019057, 0, 1, 23.655893, -14.065179, 1.448740, -15.949026, -8.724286, -3.282219, 10.000000, 0.000000, 0.000000, 0.000000, 0.150000, 1, 
4.661299, 0.018863, 0, 1, 23.682915, -14.366139, 1.432462, -15.955060, -8.629515, -3.198601, 10.000000, 0.000000, 0.000000, 0.000000, 0.150000, 1, 
4.680061, 0.018762, 0, 1, 23.709490, -14.665598, 1.416445, -15.960910, -8.536576, -3.117867, 10.000000, 0.000000, 0.000000, 0.000000, 0.150000, 1, 
4.699430, 0.019368, 0, 1, 23.736607, -14.974843, 1.400089, -15.966797, -8.444986, -3.039543, 10.000000, 0.000000, 0.000000, 0.000000, 0.150000, 1, 
4.718553, 0.019123, 0, 1, 23.763075, -15.280284, 1.384119, -15.972459, -8.351299, -2.960648, 10.000000, 0.000000, 0.000000, 0.000000, 0.150000, 1, 
4.737478, 0.018925, 0, 1, 23.788973, -15.582666, 1.368487, -15.977919, -8.259693, -2.884712, 10.000000, 0.000000, 0.000000, 0.000000, 0.150000, 1, 
4.756347, 0.018869, 0, 1, 23.814505, -15.884254, 1.353072, -15.983224, -8.169907, -2.811455, 10.000000, 0.000000, 0.000000, 0.000000, 0.150000, 1, 
4.773810, 0.017463, 0, 1, 23.837887, -16.163452, 1.338959, -15.988009, -8.081218, -2.740189, 10.000000, 0.000000, 0.000000, 0.000000, 0.150000, 1, 
4.792080, 0.018270, 0, 1, 23.862083, -16.455643, 1.324344, -15.992898, -7.999929, -2.675880, 10.000000, 0.000000, 0.000000, 0.000000, 0.150000, 1, 
4.810716, 0.018636, 0, 1, 23.886490, -16.753777, 1.309592, -15.997763, -7.915627, -2.610130, 10.000000, 0.000000, 0.000000, 0.000000, 0.150000, 1, 
4.829671, 0.018955, 0, 1, 23.911032, -17.057106, 1.294749, -16.002586, -7.830434, -2.544655, 10.000000, 0.000000, 0.000000, 0.000000, 0.150000, 1, 
4.848567, 0.018896, 0, 1, 23.935221, -17.359579, 1.280115, -16.007273, -7.744608, -2.479698, 10.000000, 0.000000, 0.000000, 0.000000, 0.150000, 1, 
4.867500, 0.018933, 0, 1, 23.959183, -17.662731, 1.265613, -16.011848, -7.659883, -2.416527, 10.000000, 0.000000, 0.000000, 0.000000, 0.150000, 1, 
4.886453, 0.018953, 0, 1, 23.982899, -17.966288, 1.251254, -16.016312, -7.575813, -2.354828, 10.000000, 0.000000, 0.000000, 0.000000, 0.150000, 1, 
4.905656, 0.019203, 0, 1, 24.006651, -18.273933, 1.236866, -16.020718, -7.492493, -2.294586, 10.000000, 0.000000, 0.000000, 0.000000, 0.150000, 1, 
4.924609, 0.018953, 0, 1, 24.029827, -18.577654, 1.222824, -16.024954, -7.408891, -2.235092, 10.000000, 0.000000, 0.000000, 0.000000, 0.150000, 1, 
4.944537, 0.019928, 0, 1, 24.053905, -18.897085, 1.208223, -16.029293, -7.327208, -2.177841, 10.000000, 0.000000, 0.000000, 0.000000, 0.150000, 1, 
4.963674, 0.019137, 0, 1, 24.076761, -19.203915, 1.194363, -16.033348, -7.242178, -2.119164, 10.000000, 0.000000, 0.000000, 0.000000, 0.150000, 1, 
4.982550, 0.018876, 0, 1, 24.099051, -19.506634, 1.180845, -16.037245, -7.161390, -2.064278, 10.000000, 0.000000, 0.000000, 0.000000, 0.150000, 1, 
5.001303, 0.018753, 0, 1, 24.120945, -19.807451, 1.167564, -16.041018, -7.082493, -2.011513, 10.000000, 0.000000, 0.000000, 0.000000, 0.150000, 1, 
5.020187, 0.018884, 0, 1, 24.142744, -20.110439, 1.154336, -16.044720, -7.004908, -1.960388, 10.000000, 0.000000, 0.000000, 0.000000, 0.150000, 1, 
5.039227, 0.019039, 0, 1, 24.164471, -20.415983, 1.141146, -16.048357, -6.927559, -1.910194, 10.000000, 0.000000, 0.000000, 0.000000, 0.150000, 1, 
5.058650, 0.019424, 0, 1, 24.186378, -20.727777, 1.127840, -16.051971, -6.850364, -1.860847, 10.000000, 0.000000, 0.000000, 0.000000, 0.150000, 1, 
5.077793, 0.019142, 0, 1, 24.207720, -21.035110, 1.114876, -16.055439, -6.772407, -1.811775, 10.000000, 0.000000, 0.000000, 0.000000, 0.150000, 1, 
5.096601, 0.018809, 0, 1, 24.228453, -21.337160, 1.102281, -16.058758, -6.696388, -1.764671, 10.000000, 0.000000, 0.000000, 0.000000, 0.150000, 1, 
5.115269, 0.018667, 0, 1, 24.248798, -21.636990, 1.089919, -16.061968, -6.622465, -1.719551, 10.000000, 0.000000, 0.000000, 0.000000, 0.150000, 1, 
5.133593, 0.018324, 0, 1, 24.268551, -21.931366, 1.077917, -16.065039, -6.549846, -1.675888, 10.000000, 0.000000, 0.000000, 0.000000, 0.150000, 1, 
5.152194, 0.018602, 0, 1, 24.288378, -22.230265, 1.065864, -16.068079, -6.479285, -1.634109, 10.000000, 0.000000, 0.000000, 0.000000, 0.150000, 1, 
5.170983, 0.018789, 0, 1, 24.308178, -22.532225, 1.053823, -16.071072, -6.408378, -1.592690, 10.000000, 0.000000, 0.000000, 0.000000, 0.150000, 1, 
5.190232, 0.019249, 0, 1, 24.328228, -22.841635, 1.041624, -16.074059, -6.337477, -1.551903, 10.000000, 0.000000, 0.000000, 0.000000, 0.150000, 1, 
5.209194, 0.018962, 0, 1, 24.347754, -23.146486, 1.029744, -16.076923, -6.265592, -1.511169, 10.000000, 0.000000, 0.000000, 0.000000, 0.150000, 1, 
5.227852, 0.018658, 0, 1, 24.366751, -23.446501, 1.018184, -16.079670, -6.195526, -1.472092, 10.000000, 0.000000, 0.000000, 0.000000, 0.150000, 1, 
5.246285, 0.018433, 0, 1, 24.385311, -23.742947, 1.006889, -16.082314, -6.127300, -1.434593, 10.000000, 0.000000, 0.000000, 0.000000, 0.150000, 1, 
5.264727, 0.018441, 0, 1, 24.403673, -24.039568, 0.995713, -16.084892, -6.060596, -1.398483, 10.000000, 0.000000, 0.000000, 0.000000, 0.150000, 1, 
5.283302, 0.018575, 0, 1, 24.421961, -24.338392, 0.984578, -16.087425, -5.994545, -1.363243, 10.000000, 0.000000, 0.000000, 0.000000, 0.150000, 1, 
5.302027, 0.018725, 0, 1, 24.440189, -24.639675, 0.973477, -16.089912, -5.928693, -1.328598, 10.000000, 0.000000, 0.000000, 0.000000, 0.150000, 1, 
5.320714, 0.018687, 0, 1, 24.458176, -24.940393, 0.962521, -16.092331, -5.863003, -1.294571, 10.000000, 0.000000, 0.000000, 0.000000, 0.150000, 1, 
5.339096, 0.018382, 0, 1, 24.475674, -25.236246, 0.951863, -16.094650, -5.798123, -1.261444, 10.000000, 0.000000, 0.000000, 0.000000, 0.150000, 1, 
5.357331, 0.018235, 0, 1, 24.492840, -25.529774, 0.941405, -16.096893, -5.734978, -1.229683, 10.000000, 0.000000, 0.000000, 0.000000, 0.150000, 1, 
5.374519, 0.017188, 0, 1, 24.508854, -25.806482, 0.931654, -16.098953, -5.672977, -1.198936, 10.000000, 0.000000, 0.000000, 0.000000, 0.150000, 1, 
5.392806, 0.018287, 0, 1, 24.525703, -26.100924, 0.921386, -16.101093, -5.615138, -1.170685, 10.000000, 0.000000, 0.000000, 0.000000, 0.150000, 1, 
5.411086, 0.018280, 0, 1, 24.542360, -26.395290, 0.911233, -16.103180, -5.554186, -1.141312, 10.000000, 0.000000, 0.000000, 0.000000, 0.150000, 1, 
5.429783, 0.018697, 0, 1, 24.559206, -26.696411, 0.900961, -16.105261, -5.493891, -1.112671, 10.000000, 0.000000, 0.000000, 0.000000, 0.150000, 1, 
5.448723, 0.018940, 0, 1, 24.576075, -27.001484, 0.890671, -16.107315, -5.432864, -1.084091, 10.000000, 0.000000, 0.000000, 0.000000, 0.150000, 1, 
5.467065, 0.018342, 0, 1, 24.592230, -27.296959, 0.880818, -16.109251, -5.371693, -1.055847, 10.000000, 0.000000, 0.000000, 0.000000, 0.150000, 1, 
5.485448, 0.018383, 0, 1, 24.608242, -27.593130, 0.871051, -16.111143, -5.313085, -1.029221, 10.000000, 0.000000, 0.000000, 0.000000, 0.150000, 1, 
5.503685, 0.018237, 0, 1, 24.623953, -27.886982, 0.861468, -16.112972, -5.254961, -1.003189, 10.000000, 0.000000, 0.000000, 0.000000, 0.150000, 1, 
5.521920, 0.018235, 0, 1, 24.639488, -28.180834, 0.851989, -16.114756, -5.197893, -0.978004, 10.000000, 0.000000, 0.000000, 0.000000, 0.150000, 1, 
5.540177, 0.018257, 0, 1, 24.654871, -28.475073, 0.842602, -16.116497, -5.141440, -0.953423, 10.000000, 0.000000, 0.000000, 0.000000, 0.150000, 1, 
5.558485, 0.018307, 0, 1, 24.670126, -28.770149, 0.833292, -16.118198, -5.085501, -0.929428, 10.000000, 0.000000, 0.000000, 0.000000, 0.150000, 1, 
5.575150, 0.016666, 0, 1, 24.683874, -29.038801, 0.824910, -16.119709, -5.029986, -0.905968, 10.000000, 0.000000, 0.000000, 0.000000, 0.150000, 1, 
5.615067, 0.039916, 0, 1, 24.716007, -29.682377, 0.805031, -16.123241, -4.979990, -0.885124, 10.000000, 0.000000, 0.000000, 0.000000, 0.150000, 1, 
