GLOBALTIME, DELTATIME, ID, STATE, POS_x, POS_y, VEL_x, VEL_y, FR_x, FR_y, MASS, ROTATION(DEGREES), FRICTIONCOEF.., RESTITUTIONCOEF.., AIR DRAG COEF..,  use air resistance
0.110670, 0.110670, 0, 1, 1.083735, 25.963461, 9.792494, 8.705714, -9.374998, -58.474998, 5.000000, 0.000000, 0.500000, 0.500000, 0.150000, 1, 
0.136911, 0.026241, 0, 1, 1.339521, 26.184097, 9.747549, 8.408071, -8.563860, -56.713440, 5.000000, 0.000000, 0.500000, 0.500000, 0.150000, 1, 
0.159034, 0.022123, 0, 1, 1.554343, 26.364594, 9.710350, 8.158735, -8.407243, -56.351948, 5.000000, 0.000000, 0.500000, 0.500000, 0.150000, 1, 
0.180219, 0.021185, 0, 1, 1.759313, 26.532404, 9.675248, 7.921206, -8.284513, -56.060734, 5.000000, 0.000000, 0.500000, 0.500000, 0.150000, 1, 
0.203903, 0.023684, 0, 1, 1.987545, 26.713751, 9.636526, 7.656927, -8.174788, -55.792767, 5.000000, 0.000000, 0.500000, 0.500000, 0.150000, 1, 
0.225820, 0.021917, 0, 1, 2.197974, 26.876236, 9.601192, 7.413626, -8.060939, -55.505009, 5.000000, 0.000000, 0.500000, 0.500000, 0.150000, 1, 
0.250063, 0.024243, 0, 1, 2.429800, 27.049471, 9.562578, 7.145744, -7.963825, -55.249325, 5.000000, 0.000000, 0.500000, 0.500000, 0.150000, 1, 
0.272369, 0.022306, 0, 1, 2.642320, 27.203392, 9.527490, 6.900479, -7.865336, -54.977463, 5.000000, 0.000000, 0.500000, 0.500000, 0.150000, 1, 
0.289233, 0.016864, 0, 1, 2.802549, 27.316648, 9.501240, 6.715862, -7.782858, -54.736893, 5.000000, 0.000000, 0.500000, 0.500000, 0.150000, 1, 
0.311407, 0.022174, 0, 1, 3.012470, 27.460201, 9.466978, 6.473896, -7.725566, -54.560745, 5.000000, 0.000000, 0.500000, 0.500000, 0.150000, 1, 
0.345558, 0.034151, 0, 1, 3.333990, 27.668617, 9.414682, 6.102772, -7.656500, -54.335819, 5.000000, 0.000000, 0.500000, 0.500000, 0.150000, 1, 
0.365584, 0.020026, 0, 1, 3.521922, 27.786499, 9.384390, 5.886480, -7.563387, -54.002728, 5.000000, 0.000000, 0.500000, 0.500000, 0.150000, 1, 
0.383500, 0.017916, 0, 1, 3.689570, 27.888506, 9.357458, 5.693652, -7.516082, -53.814560, 5.000000, 0.000000, 0.500000, 0.500000, 0.150000, 1, 
0.401965, 0.018465, 0, 1, 3.861846, 27.989981, 9.329842, 5.495522, -7.477975, -53.650059, 5.000000, 0.000000, 0.500000, 0.500000, 0.150000, 1, 
0.422549, 0.020584, 0, 1, 4.053261, 28.098568, 9.299202, 5.275340, -7.442615, -53.483898, 5.000000, 0.000000, 0.500000, 0.500000, 0.150000, 1, 
0.441572, 0.019023, 0, 1, 4.229623, 28.195063, 9.271019, 5.072546, -7.407577, -53.302238, 5.000000, 0.000000, 0.500000, 0.500000, 0.150000, 1, 
0.459624, 0.018052, 0, 1, 4.396503, 28.283169, 9.244378, 4.880699, -7.379011, -53.137352, 5.000000, 0.000000, 0.500000, 0.500000, 0.150000, 1, 
0.482877, 0.023253, 0, 1, 4.610667, 28.390930, 9.210173, 4.634295, -7.355011, -52.983181, 5.000000, 0.000000, 0.500000, 0.500000, 0.150000, 1, 
0.503851, 0.020974, 0, 1, 4.803197, 28.483486, 9.179433, 4.412863, -7.328097, -52.787289, 5.000000, 0.000000, 0.500000, 0.500000, 0.150000, 1, 
0.523919, 0.020068, 0, 1, 4.986821, 28.567806, 9.150105, 4.201696, -7.307250, -52.612843, 5.000000, 0.000000, 0.500000, 0.500000, 0.150000, 1, 
0.540729, 0.016810, 0, 1, 5.140223, 28.635473, 9.125596, 4.025367, -7.289917, -52.447506, 5.000000, 0.000000, 0.500000, 0.500000, 0.150000, 1, 
0.619887, 0.079158, 0, 1, 5.853467, 28.888559, 9.010388, 3.197217, -7.277064, -52.309967, 5.000000, 0.000000, 0.500000, 0.500000, 0.150000, 1, 
0.637508, 0.017621, 0, 1, 6.011790, 28.941689, 8.984909, 3.015138, -7.229730, -51.665375, 5.000000, 0.000000, 0.500000, 0.500000, 0.150000, 1, 
0.656336, 0.018828, 0, 1, 6.180446, 28.994804, 8.957720, 2.821123, -7.220430, -51.523018, 5.000000, 0.000000, 0.500000, 0.500000, 0.150000, 1, 
0.677931, 0.021595, 0, 1, 6.373216, 29.050936, 8.926579, 2.599252, -7.210353, -51.370811, 5.000000, 0.000000, 0.500000, 0.500000, 0.150000, 1, 
0.697385, 0.019454, 0, 1, 6.546329, 29.097626, 8.898572, 2.400059, -7.198211, -51.195984, 5.000000, 0.000000, 0.500000, 0.500000, 0.150000, 1, 
0.723184, 0.025799, 0, 1, 6.774946, 29.152750, 8.861492, 2.136712, -7.186373, -51.038258, 5.000000, 0.000000, 0.500000, 0.500000, 0.150000, 1, 
0.740809, 0.017625, 0, 1, 6.930685, 29.187252, 8.836222, 1.957541, -7.168794, -50.828564, 5.000000, 0.000000, 0.500000, 0.500000, 0.150000, 1, 
0.758342, 0.017533, 0, 1, 7.085170, 29.218458, 8.811131, 1.779809, -7.155220, -50.685139, 5.000000, 0.000000, 0.500000, 0.500000, 0.150000, 1, 
0.777630, 0.019288, 0, 1, 7.254588, 29.249027, 8.783587, 1.584837, -7.140223, -50.542294, 5.000000, 0.000000, 0.500000, 0.500000, 0.150000, 1, 
0.795846, 0.018216, 0, 1, 7.414117, 29.274553, 8.757642, 1.401274, -7.121778, -50.384995, 5.000000, 0.000000, 0.500000, 0.500000, 0.150000, 1, 
0.813988, 0.018142, 0, 1, 7.572531, 29.296669, 8.731872, 1.218996, -7.102292, -50.236408, 5.000000, 0.000000, 0.500000, 0.500000, 0.150000, 1, 
0.832405, 0.018417, 0, 1, 7.732865, 29.315722, 8.705791, 1.034500, -7.080715, -50.088490, 5.000000, 0.000000, 0.500000, 0.500000, 0.150000, 1, 
0.849470, 0.017065, 0, 1, 7.881019, 29.330467, 8.681706, 0.864060, -7.056450, -49.938511, 5.000000, 0.000000, 0.500000, 0.500000, 0.150000, 1, 
0.867558, 0.018088, 0, 1, 8.037593, 29.342838, 8.656268, 0.683904, -7.031734, -49.799843, 5.000000, 0.000000, 0.500000, 0.500000, 0.150000, 1, 
0.887850, 0.020292, 0, 1, 8.212669, 29.352627, 8.627847, 0.482391, -7.003093, -49.653290, 5.000000, 0.000000, 0.500000, 0.500000, 0.150000, 1, 
0.906973, 0.019123, 0, 1, 8.377150, 29.358232, 8.601197, 0.293114, -6.967877, -49.489582, 5.000000, 0.000000, 0.500000, 0.500000, 0.150000, 1, 
0.931131, 0.024158, 0, 1, 8.584128, 29.359554, 8.567706, 0.054741, -6.931662, -49.336220, 5.000000, 0.000000, 0.500000, 0.500000, 0.150000, 1, 
0.949994, 0.018863, 0, 1, 8.745252, 29.357090, 8.541744, -0.130660, -6.881633, -49.143967, 5.000000, 0.000000, 0.500000, 0.500000, 0.150000, 1, 
0.968819, 0.018825, 0, 1, 8.905565, 29.351158, 8.515994, -0.315127, -6.839331, -48.995380, 5.000000, 0.000000, 0.500000, 0.500000, 0.150000, 1, 
0.987089, 0.018270, 0, 1, 9.060699, 29.342140, 8.491168, -0.493620, -6.794308, -48.848579, 5.000000, 0.000000, 0.500000, 0.500000, 0.150000, 1, 
1.005130, 0.018041, 0, 1, 9.213449, 29.330065, 8.466820, -0.669367, -6.748014, -48.707714, 5.000000, 0.000000, 0.500000, 0.500000, 0.150000, 1, 
1.022029, 0.016899, 0, 1, 9.356147, 29.315979, 8.444176, -0.833525, -6.699886, -48.570320, 5.000000, 0.000000, 0.500000, 0.500000, 0.150000, 1, 
1.044105, 0.022076, 0, 1, 9.541912, 29.292856, 8.414803, -1.047412, -6.652744, -48.443306, 5.000000, 0.000000, 0.500000, 0.500000, 0.150000, 1, 
1.062130, 0.018025, 0, 1, 9.693161, 29.270840, 8.391051, -1.221461, -6.588290, -48.279938, 5.000000, 0.000000, 0.500000, 0.500000, 0.150000, 1, 
1.083678, 0.021548, 0, 1, 9.873364, 29.240047, 8.362894, -1.428964, -6.533536, -48.148930, 5.000000, 0.000000, 0.500000, 0.500000, 0.150000, 1, 
1.108187, 0.024509, 0, 1, 10.077554, 29.199259, 8.331201, -1.664227, -6.465772, -47.995193, 5.000000, 0.000000, 0.500000, 0.500000, 0.150000, 1, 
1.126421, 0.018234, 0, 1, 10.229040, 29.165733, 8.307912, -1.838633, -6.386096, -47.824322, 5.000000, 0.000000, 0.500000, 0.500000, 0.150000, 1, 
1.148187, 0.021766, 0, 1, 10.409271, 29.121195, 8.280375, -2.046281, -6.325459, -47.700104, 5.000000, 0.000000, 0.500000, 0.500000, 0.150000, 1, 
1.166083, 0.017896, 0, 1, 10.557056, 29.081528, 8.257998, -2.216490, -6.251836, -47.555019, 5.000000, 0.000000, 0.500000, 0.500000, 0.150000, 1, 
1.184150, 0.018067, 0, 1, 10.705850, 29.038385, 8.235629, -2.387903, -6.190691, -47.438385, 5.000000, 0.000000, 0.500000, 0.500000, 0.150000, 1, 
1.201529, 0.017379, 0, 1, 10.848606, 28.994028, 8.214327, -2.552389, -6.128660, -47.323006, 5.000000, 0.000000, 0.500000, 0.500000, 0.150000, 1, 
1.223003, 0.021474, 0, 1, 11.024441, 28.934864, 8.188262, -2.755164, -6.068983, -47.214218, 5.000000, 0.000000, 0.500000, 0.500000, 0.150000, 1, 
1.246917, 0.023914, 0, 1, 11.219569, 28.863592, 8.159586, -2.980351, -5.995571, -47.082626, 5.000000, 0.000000, 0.500000, 0.500000, 0.150000, 1, 
1.270759, 0.023842, 0, 1, 11.413438, 28.787199, 8.131382, -3.204178, -5.914859, -46.939552, 5.000000, 0.000000, 0.500000, 0.500000, 0.150000, 1, 
1.291652, 0.020893, 0, 1, 11.582817, 28.716167, 8.106995, -3.399737, -5.836205, -46.800236, 5.000000, 0.000000, 0.500000, 0.500000, 0.150000, 1, 
1.310587, 0.018935, 0, 1, 11.735909, 28.648447, 8.085146, -3.576517, -5.769351, -46.680573, 5.000000, 0.000000, 0.500000, 0.500000, 0.150000, 1, 
1.329484, 0.018897, 0, 1, 11.888287, 28.577536, 8.063562, -3.752537, -5.710827, -46.573776, 5.000000, 0.000000, 0.500000, 0.500000, 0.150000, 1, 
1.347922, 0.018438, 0, 1, 12.036578, 28.505186, 8.042710, -3.923895, -5.654704, -46.468472, 5.000000, 0.000000, 0.500000, 0.500000, 0.150000, 1, 
1.365914, 0.017992, 0, 1, 12.180920, 28.431585, 8.022551, -4.090740, -5.602449, -46.366665, 5.000000, 0.000000, 0.500000, 0.500000, 0.150000, 1, 
1.387473, 0.021559, 0, 1, 12.353361, 28.339092, 7.998602, -4.290238, -5.554117, -46.267925, 5.000000, 0.000000, 0.500000, 0.500000, 0.150000, 1, 
1.405803, 0.018330, 0, 1, 12.499606, 28.257351, 7.978439, -4.459424, -5.499975, -46.149960, 5.000000, 0.000000, 0.500000, 0.500000, 0.150000, 1, 
1.424643, 0.018840, 0, 1, 12.649532, 28.170067, 7.957875, -4.632939, -5.457510, -46.049610, 5.000000, 0.000000, 0.500000, 0.500000, 0.150000, 1, 
1.444265, 0.019622, 0, 1, 12.805264, 28.075621, 7.936615, -4.813250, -5.417503, -45.946022, 5.000000, 0.000000, 0.500000, 0.500000, 0.150000, 1, 
1.464584, 0.020319, 0, 1, 12.966084, 27.974035, 7.914752, -4.999523, -5.379992, -45.837242, 5.000000, 0.000000, 0.500000, 0.500000, 0.150000, 1, 
1.483582, 0.018998, 0, 1, 13.116063, 27.875753, 7.894440, -5.173253, -5.345845, -45.723183, 5.000000, 0.000000, 0.500000, 0.500000, 0.150000, 1, 
1.504087, 0.020505, 0, 1, 13.277492, 27.765841, 7.872629, -5.360320, -5.318430, -45.614815, 5.000000, 0.000000, 0.500000, 0.500000, 0.150000, 1, 
1.523386, 0.019299, 0, 1, 13.429031, 27.659002, 7.852195, -5.535923, -5.293883, -45.495499, 5.000000, 0.000000, 0.500000, 0.500000, 0.150000, 1, 
1.541260, 0.017874, 0, 1, 13.569044, 27.557154, 7.833336, -5.698149, -5.275683, -45.380558, 5.000000, 0.000000, 0.500000, 0.500000, 0.150000, 1, 
1.559896, 0.018636, 0, 1, 13.714661, 27.447819, 7.813719, -5.866885, -5.263134, -45.271473, 5.000000, 0.000000, 0.500000, 0.500000, 0.150000, 1, 
1.579296, 0.019400, 0, 1, 13.865851, 27.330603, 7.793332, -6.042085, -5.254496, -45.154690, 5.000000, 0.000000, 0.500000, 0.500000, 0.150000, 1, 
1.598552, 0.019256, 0, 1, 14.015531, 27.210917, 7.773111, -6.215503, -5.250337, -45.029469, 5.000000, 0.000000, 0.500000, 0.500000, 0.150000, 1, 
1.618137, 0.019585, 0, 1, 14.167364, 27.085741, 7.752543, -6.391381, -5.251064, -44.901165, 5.000000, 0.000000, 0.500000, 0.500000, 0.150000, 1, 
1.638126, 0.019989, 0, 1, 14.321910, 26.954407, 7.731528, -6.570347, -5.256715, -44.766235, 5.000000, 0.000000, 0.500000, 0.500000, 0.150000, 1, 
1.660628, 0.022502, 0, 1, 14.495352, 26.802042, 7.707822, -6.771172, -5.267505, -44.623608, 5.000000, 0.000000, 0.500000, 0.500000, 0.150000, 1, 
1.683540, 0.022912, 0, 1, 14.671398, 26.642233, 7.683601, -6.974890, -5.285587, -44.456711, 5.000000, 0.000000, 0.500000, 0.500000, 0.150000, 1, 
1.709826, 0.026286, 0, 1, 14.872636, 26.452772, 7.655684, -7.207676, -5.310237, -44.279560, 5.000000, 0.000000, 0.500000, 0.500000, 0.150000, 1, 
1.727913, 0.018087, 0, 1, 15.010755, 26.319523, 7.636346, -7.367084, -5.345961, -44.066879, 5.000000, 0.000000, 0.500000, 0.500000, 0.150000, 1, 
1.751352, 0.023439, 0, 1, 15.189153, 26.142021, 7.611150, -7.572947, -5.374856, -43.914665, 5.000000, 0.000000, 0.500000, 0.500000, 0.150000, 1, 
1.776500, 0.025148, 0, 1, 15.379872, 25.946049, 7.583903, -7.792790, -5.417356, -43.709835, 5.000000, 0.000000, 0.500000, 0.500000, 0.150000, 1, 
1.798165, 0.021665, 0, 1, 15.543664, 25.773136, 7.560206, -7.981191, -5.468865, -43.480499, 5.000000, 0.000000, 0.500000, 0.500000, 0.150000, 1, 
1.815356, 0.017191, 0, 1, 15.673306, 25.633373, 7.541235, -8.129979, -5.517721, -43.275028, 5.000000, 0.000000, 0.500000, 0.500000, 0.150000, 1, 
1.840980, 0.025624, 0, 1, 15.865812, 25.419390, 7.512746, -8.350893, -5.559193, -43.106800, 5.000000, 0.000000, 0.500000, 0.500000, 0.150000, 1, 
1.863345, 0.022365, 0, 1, 16.033272, 25.228336, 7.487584, -8.542548, -5.625304, -42.847115, 5.000000, 0.000000, 0.500000, 0.500000, 0.150000, 1, 
1.884475, 0.021130, 0, 1, 16.190977, 25.044027, 7.463552, -8.722627, -5.686650, -42.612129, 5.000000, 0.000000, 0.500000, 0.500000, 0.150000, 1, 
1.904567, 0.020092, 0, 1, 16.340471, 24.865351, 7.440456, -8.892939, -5.747416, -42.383015, 5.000000, 0.000000, 0.500000, 0.500000, 0.150000, 1, 
1.927121, 0.022554, 0, 1, 16.507692, 24.660490, 7.414260, -9.083109, -5.807459, -42.158844, 5.000000, 0.000000, 0.500000, 0.500000, 0.150000, 1, 
1.949691, 0.022570, 0, 1, 16.674433, 24.451216, 7.387730, -9.272244, -5.877242, -41.899868, 5.000000, 0.000000, 0.500000, 0.500000, 0.150000, 1, 
1.975542, 0.025851, 0, 1, 16.864618, 24.205954, 7.356971, -9.487496, -5.949229, -41.633198, 5.000000, 0.000000, 0.500000, 0.500000, 0.150000, 1, 
1.999038, 0.023496, 0, 1, 17.036812, 23.978474, 7.328616, -9.681661, -6.033989, -41.318607, 5.000000, 0.000000, 0.500000, 0.500000, 0.150000, 1, 
2.024707, 0.025669, 0, 1, 17.224125, 23.724548, 7.297235, -9.892273, -6.112671, -41.024696, 5.000000, 0.000000, 0.500000, 0.500000, 0.150000, 1, 
2.049614, 0.024907, 0, 1, 17.405107, 23.473112, 7.266350, -10.094991, -6.200125, -40.694992, 5.000000, 0.000000, 0.500000, 0.500000, 0.150000, 1, 
2.072407, 0.022793, 0, 1, 17.570076, 23.238823, 7.237694, -10.279008, -6.286030, -40.366943, 5.000000, 0.000000, 0.500000, 0.500000, 0.150000, 1, 
2.090441, 0.018034, 0, 1, 17.700186, 23.050846, 7.214736, -10.423496, -6.365214, -40.060093, 5.000000, 0.000000, 0.500000, 0.500000, 0.150000, 1, 
2.107388, 0.016947, 0, 1, 17.822084, 22.871912, 7.192949, -10.558439, -6.428013, -39.813118, 5.000000, 0.000000, 0.500000, 0.500000, 0.150000, 1, 
2.130166, 0.022778, 0, 1, 17.985252, 22.627304, 7.163396, -10.738739, -6.487094, -39.577675, 5.000000, 0.000000, 0.500000, 0.500000, 0.150000, 1, 
2.149583, 0.019417, 0, 1, 18.123848, 22.415831, 7.137896, -10.891186, -6.566624, -39.255886, 5.000000, 0.000000, 0.500000, 0.500000, 0.150000, 1, 
2.172186, 0.022603, 0, 1, 18.284508, 22.165674, 7.107905, -11.067387, -6.634171, -38.977406, 5.000000, 0.000000, 0.500000, 0.500000, 0.150000, 1, 
2.190671, 0.018485, 0, 1, 18.415440, 21.958452, 7.083089, -11.210269, -6.712523, -38.648243, 5.000000, 0.000000, 0.500000, 0.500000, 0.150000, 1, 
2.214339, 0.023668, 0, 1, 18.582323, 21.688828, 7.051014, -11.391924, -6.776093, -38.375610, 5.000000, 0.000000, 0.500000, 0.500000, 0.150000, 1, 
2.231344, 0.017004, 0, 1, 18.701822, 21.492920, 7.027695, -11.521228, -6.856943, -38.021626, 5.000000, 0.000000, 0.500000, 0.500000, 0.150000, 1, 
2.253966, 0.022622, 0, 1, 18.860096, 21.228422, 6.996412, -11.692090, -6.914313, -37.764648, 5.000000, 0.000000, 0.500000, 0.500000, 0.150000, 1, 
2.275257, 0.021291, 0, 1, 19.008423, 20.976093, 6.966647, -11.851426, -6.989940, -37.418724, 5.000000, 0.000000, 0.500000, 0.500000, 0.150000, 1, 
2.292863, 0.017606, 0, 1, 19.130640, 20.765139, 6.941787, -11.982026, -7.060079, -37.089630, 5.000000, 0.000000, 0.500000, 0.500000, 0.150000, 1, 
2.317376, 0.024513, 0, 1, 19.299950, 20.466999, 6.906895, -12.162517, -7.117181, -36.815231, 5.000000, 0.000000, 0.500000, 0.500000, 0.150000, 1, 
2.339768, 0.022392, 0, 1, 19.453888, 20.191004, 6.874670, -12.325661, -7.195578, -36.429131, 5.000000, 0.000000, 0.500000, 0.500000, 0.150000, 1, 
2.360523, 0.020755, 0, 1, 19.595945, 19.932077, 6.844510, -12.475401, -7.265682, -36.073288, 5.000000, 0.000000, 0.500000, 0.500000, 0.150000, 1, 
2.379845, 0.019322, 0, 1, 19.727648, 19.688358, 6.816187, -12.613519, -7.329293, -35.740990, 5.000000, 0.000000, 0.500000, 0.500000, 0.150000, 1, 
2.398676, 0.018831, 0, 1, 19.855480, 19.448320, 6.788365, -12.746954, -7.387280, -35.429661, 5.000000, 0.000000, 0.500000, 0.500000, 0.150000, 1, 
2.417682, 0.019006, 0, 1, 19.983963, 19.203514, 6.760074, -12.880469, -7.442617, -35.124512, 5.000000, 0.000000, 0.500000, 0.500000, 0.150000, 1, 
2.539700, 0.122018, 0, 1, 20.786489, 17.528198, 6.577114, -13.730078, -7.497274, -34.814892, 5.000000, 0.000000, 0.500000, 0.500000, 0.150000, 1, 
2.559102, 0.019402, 0, 1, 20.913509, 17.259342, 6.546716, -13.857148, -7.833649, -32.746838, 5.000000, 0.000000, 0.500000, 0.500000, 0.150000, 1, 
2.579597, 0.020495, 0, 1, 21.047022, 16.972616, 6.514419, -13.990048, -7.879102, -32.422646, 5.000000, 0.000000, 0.500000, 0.500000, 0.150000, 1, 
2.600904, 0.021307, 0, 1, 21.185104, 16.671618, 6.480645, -14.126752, -7.925526, -32.079529, 5.000000, 0.000000, 0.500000, 0.500000, 0.150000, 1, 
2.623477, 0.022573, 0, 1, 21.330580, 16.349501, 6.444654, -14.269965, -7.972024, -31.722279, 5.000000, 0.000000, 0.500000, 0.500000, 0.150000, 1, 
2.644652, 0.021175, 0, 1, 21.466326, 16.044523, 6.410693, -14.402704, -8.019323, -31.343346, 5.000000, 0.000000, 0.500000, 0.500000, 0.150000, 1, 
2.663606, 0.018954, 0, 1, 21.587255, 15.769308, 6.380132, -14.520173, -8.061776, -30.987854, 5.000000, 0.000000, 0.500000, 0.500000, 0.150000, 1, 
2.687191, 0.023585, 0, 1, 21.736830, 15.423438, 6.341933, -14.664843, -8.098169, -30.669842, 5.000000, 0.000000, 0.500000, 0.500000, 0.150000, 1, 
2.709758, 0.022567, 0, 1, 21.879120, 15.089413, 6.305187, -14.801480, -8.141541, -30.273815, 5.000000, 0.000000, 0.500000, 0.500000, 0.150000, 1, 
2.729935, 0.020177, 0, 1, 22.005674, 14.788329, 6.272174, -14.922120, -8.180874, -29.895329, 5.000000, 0.000000, 0.500000, 0.500000, 0.150000, 1, 
2.749160, 0.019225, 0, 1, 22.125650, 14.499267, 6.240591, -15.035769, -8.214216, -29.557571, 5.000000, 0.000000, 0.500000, 0.500000, 0.150000, 1, 
2.771420, 0.022261, 0, 1, 22.263756, 14.161657, 6.203885, -15.165935, -8.244412, -29.236320, 5.000000, 0.000000, 0.500000, 0.500000, 0.150000, 1, 
2.796704, 0.025283, 0, 1, 22.419550, 13.774527, 6.162028, -15.311893, -8.277575, -28.864750, 5.000000, 0.000000, 0.500000, 0.500000, 0.150000, 1, 
2.819991, 0.023287, 0, 1, 22.562143, 13.414874, 6.123312, -15.444366, -8.312881, -28.443497, 5.000000, 0.000000, 0.500000, 0.500000, 0.150000, 1, 
2.841300, 0.021309, 0, 1, 22.691868, 13.083222, 6.087756, -15.563938, -8.343059, -28.056934, 5.000000, 0.000000, 0.500000, 0.500000, 0.150000, 1, 
2.858751, 0.017451, 0, 1, 22.797596, 12.809929, 6.058547, -15.660633, -8.368712, -27.704575, 5.000000, 0.000000, 0.500000, 0.500000, 0.150000, 1, 
2.880304, 0.021553, 0, 1, 22.927397, 12.469848, 6.022388, -15.778818, -8.388297, -27.417234, 5.000000, 0.000000, 0.500000, 0.500000, 0.150000, 1, 
2.898904, 0.018600, 0, 1, 23.038832, 12.174489, 5.991100, -15.879493, -8.410920, -27.063160, 5.000000, 0.000000, 0.500000, 0.500000, 0.150000, 1, 
2.923382, 0.024478, 0, 1, 23.184471, 11.782584, 5.949835, -16.010494, -8.428918, -26.759039, 5.000000, 0.000000, 0.500000, 0.500000, 0.150000, 1, 
2.942865, 0.019483, 0, 1, 23.299749, 11.468651, 5.916906, -16.113209, -8.450703, -26.359886, 5.000000, 0.000000, 0.500000, 0.500000, 0.150000, 1, 
2.964067, 0.021202, 0, 1, 23.424438, 11.124677, 5.881006, -16.223646, -8.466290, -26.044186, 5.000000, 0.000000, 0.500000, 0.500000, 0.150000, 1, 
2.989507, 0.025440, 0, 1, 23.572954, 10.708620, 5.837851, -16.354418, -8.481644, -25.702095, 5.000000, 0.000000, 0.500000, 0.500000, 0.150000, 1, 
3.006941, 0.017434, 0, 1, 23.674215, 10.421960, 5.808220, -16.442612, -8.497946, -25.293478, 5.000000, 0.000000, 0.500000, 0.500000, 0.150000, 1, 
3.027828, 0.020887, 0, 1, 23.794788, 10.076341, 5.772681, -16.547112, -8.507586, -25.015699, 5.000000, 0.000000, 0.500000, 0.500000, 0.150000, 1, 
3.046690, 0.018862, 0, 1, 23.903067, 9.762473, 5.740549, -16.640230, -8.517740, -24.684303, 5.000000, 0.000000, 0.500000, 0.500000, 0.150000, 1, 
3.065914, 0.019225, 0, 1, 24.012798, 9.440762, 5.707768, -16.733997, -8.525519, -24.386927, 5.000000, 0.000000, 0.500000, 0.500000, 0.150000, 1, 
3.089069, 0.023155, 0, 1, 24.144047, 9.050703, 5.668256, -16.845537, -8.532146, -24.085508, 5.000000, 0.000000, 0.500000, 0.500000, 0.150000, 1, 
3.106066, 0.016997, 0, 1, 24.239897, 8.763009, 5.639230, -16.926186, -8.538484, -23.724409, 5.000000, 0.000000, 0.500000, 0.500000, 0.150000, 1, 
3.125686, 0.019620, 0, 1, 24.349880, 8.429111, 5.605712, -17.018250, -8.541860, -23.461555, 5.000000, 0.000000, 0.500000, 0.500000, 0.150000, 1, 
3.145252, 0.019566, 0, 1, 24.458908, 8.094359, 5.572275, -17.108879, -8.544574, -23.159727, 5.000000, 0.000000, 0.500000, 0.500000, 0.150000, 1, 
3.166700, 0.021448, 0, 1, 24.577637, 7.725305, 5.535616, -17.206942, -8.545990, -22.860746, 5.000000, 0.000000, 0.500000, 0.500000, 0.150000, 1, 
3.187161, 0.020461, 0, 1, 24.690186, 7.371347, 5.500644, -17.299160, -8.546123, -22.535181, 5.000000, 0.000000, 0.500000, 0.500000, 0.150000, 1, 
3.210903, 0.023742, 0, 1, 24.819818, 6.958125, 5.460070, -17.404703, -8.544836, -22.227055, 5.000000, 0.000000, 0.500000, 0.500000, 0.150000, 1, 
3.229775, 0.018872, 0, 1, 24.922253, 6.628105, 5.427830, -17.487257, -8.541731, -21.872089, 5.000000, 0.000000, 0.500000, 0.500000, 0.150000, 1, 
3.253796, 0.024021, 0, 1, 25.051649, 6.205552, 5.386812, -17.590992, -8.537931, -21.592691, 5.000000, 0.000000, 0.500000, 0.500000, 0.150000, 1, 
3.273118, 0.019322, 0, 1, 25.155096, 5.864073, 5.353842, -17.673069, -8.531606, -21.239475, 5.000000, 0.000000, 0.500000, 0.500000, 0.150000, 1, 
3.294806, 0.021688, 0, 1, 25.270409, 5.478808, 5.316864, -17.763977, -8.525190, -20.958288, 5.000000, 0.000000, 0.500000, 0.500000, 0.150000, 1, 
3.315914, 0.021108, 0, 1, 25.381878, 5.102007, 5.280910, -17.851133, -8.516720, -20.645102, 5.000000, 0.000000, 0.500000, 0.500000, 0.150000, 1, 
3.341574, 0.025660, 0, 1, 25.516266, 4.641268, 5.237251, -17.955534, -8.507163, -20.343111, 5.000000, 0.000000, 0.500000, 0.500000, 0.150000, 1, 
3.358737, 0.017163, 0, 1, 25.605652, 4.331920, 5.208095, -18.024115, -8.493933, -19.979168, 5.000000, 0.000000, 0.500000, 0.500000, 0.150000, 1, 
3.381067, 0.022330, 0, 1, 25.721102, 3.927473, 5.170205, -18.112268, -8.483978, -19.738747, 5.000000, 0.000000, 0.500000, 0.500000, 0.150000, 1, 
3.398058, 0.016991, 0, 1, 25.808460, 3.618606, 5.141423, -18.178289, -8.469911, -19.428190, 5.000000, 0.000000, 0.500000, 0.500000, 0.150000, 1, 
3.420381, 0.022323, 0, 1, 25.922390, 3.210899, 5.103660, -18.263985, -8.458279, -19.194460, 5.000000, 0.000000, 0.500000, 0.500000, 0.150000, 1, 
3.437166, 0.016785, 0, 1, 26.007580, 2.903273, 5.075321, -18.327396, -8.441933, -18.889652, 5.000000, 0.000000, 0.500000, 0.500000, 0.150000, 1, 
3.454440, 0.017274, 0, 1, 26.094748, 2.585572, 5.046201, -18.391874, -8.428767, -18.663040, 5.000000, 0.000000, 0.500000, 0.500000, 0.150000, 1, 
3.473920, 0.019480, 0, 1, 26.192410, 2.225900, 5.013418, -18.463684, -8.414498, -18.431704, 5.000000, 0.000000, 0.500000, 0.500000, 0.150000, 1, 
3.492812, 0.018892, 0, 1, 26.286524, 1.875787, 4.981689, -18.532349, -8.397571, -18.172979, 5.000000, 0.000000, 0.500000, 0.500000, 0.150000, 1, 
3.511314, 0.018502, 0, 1, 26.378120, 1.531674, 4.950678, -18.598677, -8.380294, -17.924513, 5.000000, 0.000000, 0.500000, 0.500000, 0.150000, 1, 
3.529767, 0.018453, 0, 1, 26.468906, 1.187268, 4.919816, -18.663939, -8.362580, -17.683510, 5.000000, 0.000000, 0.500000, 0.500000, 0.150000, 1, 
3.548408, 0.018641, 0, 1, 26.560038, 0.838141, 4.888707, -18.728979, -8.344147, -17.445429, 5.000000, 0.000000, 0.500000, 0.500000, 0.150000, 1, 
3.567576, 0.019168, 0, 1, 26.653133, 0.477880, 4.856793, -18.794945, -8.324772, -17.207212, 5.000000, 0.000000, 0.500000, 0.500000, 0.150000, 1, 
3.587987, 0.020411, 0, 1, 26.751574, 0.092843, 4.822894, -18.864199, -8.304081, -16.964649, 5.000000, 0.000000, 0.500000, 0.500000, 0.150000, 1, 
3.607294, 0.019307, 0, 1, 26.844072, -0.272614, 4.790917, -18.928719, -8.281217, -16.708965, 5.000000, 0.000000, 0.500000, 0.500000, 0.150000, 1, 
3.627415, 0.020121, 0, 1, 26.939802, -0.654813, 4.757682, -18.994997, -8.258804, -16.469799, 5.000000, 0.000000, 0.500000, 0.500000, 0.150000, 1, 
3.646156, 0.018741, 0, 1, 27.028387, -1.011937, 4.726817, -19.055805, -8.234672, -16.223152, 5.000000, 0.000000, 0.500000, 0.500000, 0.150000, 1, 
3.666044, 0.019888, 0, 1, 27.121744, -1.392185, 4.694155, -19.119431, -8.211488, -15.996006, 5.000000, 0.000000, 0.500000, 0.500000, 0.150000, 1, 
3.685488, 0.019445, 0, 1, 27.212402, -1.765154, 4.662319, -19.180712, -8.186175, -15.757458, 5.000000, 0.000000, 0.500000, 0.500000, 0.150000, 1, 
3.705803, 0.020315, 0, 1, 27.306444, -2.156091, 4.629162, -19.243797, -8.160738, -15.526848, 5.000000, 0.000000, 0.500000, 0.500000, 0.150000, 1, 
3.724912, 0.019109, 0, 1, 27.394308, -2.524937, 4.598077, -19.302227, -8.133456, -15.288578, 5.000000, 0.000000, 0.500000, 0.500000, 0.150000, 1, 
3.743414, 0.018502, 0, 1, 27.478827, -2.883099, 4.568078, -19.357981, -8.107141, -15.067104, 5.000000, 0.000000, 0.500000, 0.500000, 0.150000, 1, 
3.761738, 0.018324, 0, 1, 27.561989, -3.238812, 4.538462, -19.412422, -8.081087, -14.855064, 5.000000, 0.000000, 0.500000, 0.500000, 0.150000, 1, 
3.780157, 0.018419, 0, 1, 27.645037, -3.597363, 4.508790, -19.466379, -8.054739, -14.647354, 5.000000, 0.000000, 0.500000, 0.500000, 0.150000, 1, 
3.798623, 0.018466, 0, 1, 27.727749, -3.957814, 4.479142, -19.519712, -8.027734, -14.440838, 5.000000, 0.000000, 0.500000, 0.500000, 0.150000, 1, 
3.817223, 0.018600, 0, 1, 27.810507, -4.321866, 4.449382, -19.572670, -8.000142, -14.236080, 5.000000, 0.000000, 0.500000, 0.500000, 0.150000, 1, 
3.835403, 0.018180, 0, 1, 27.890869, -4.678625, 4.420396, -19.623692, -7.971845, -14.032135, 5.000000, 0.000000, 0.500000, 0.500000, 0.150000, 1, 
3.854994, 0.019591, 0, 1, 27.976860, -5.064135, 4.389271, -19.677900, -7.943717, -13.835060, 5.000000, 0.000000, 0.500000, 0.500000, 0.150000, 1, 
3.873397, 0.018403, 0, 1, 28.057100, -5.427190, 4.360147, -19.728048, -7.912899, -13.625038, 5.000000, 0.000000, 0.500000, 0.500000, 0.150000, 1, 
3.893130, 0.019733, 0, 1, 28.142525, -5.817529, 4.329034, -19.781052, -7.883483, -13.430172, 5.000000, 0.000000, 0.500000, 0.500000, 0.150000, 1, 
3.911790, 0.018660, 0, 1, 28.222757, -6.187564, 4.299732, -19.830402, -7.851462, -13.223598, 5.000000, 0.000000, 0.500000, 0.500000, 0.150000, 1, 
3.931150, 0.019360, 0, 1, 28.305414, -6.572458, 4.269450, -19.880857, -7.820734, -13.030701, 5.000000, 0.000000, 0.500000, 0.500000, 0.150000, 1, 
3.950408, 0.019257, 0, 1, 28.387053, -6.956255, 4.239454, -19.930283, -7.788419, -12.832932, 5.000000, 0.000000, 0.500000, 0.500000, 0.150000, 1, 
3.973480, 0.023072, 0, 1, 28.484039, -7.417432, 4.203665, -19.988602, -7.755848, -12.638649, 5.000000, 0.000000, 0.500000, 0.500000, 0.150000, 1, 
3.992942, 0.019462, 0, 1, 28.565266, -7.807391, 4.173630, -20.036901, -7.716290, -12.408714, 5.000000, 0.000000, 0.500000, 0.500000, 0.150000, 1, 
4.011571, 0.018630, 0, 1, 28.642487, -8.181526, 4.145005, -20.082424, -7.682477, -12.217701, 5.000000, 0.000000, 0.500000, 0.500000, 0.150000, 1, 
4.030437, 0.018865, 0, 1, 28.720139, -8.561238, 4.116143, -20.127840, -7.649750, -12.037197, 5.000000, 0.000000, 0.500000, 0.500000, 0.150000, 1, 
4.050656, 0.020220, 0, 1, 28.802744, -8.969193, 4.085342, -20.175789, -7.616265, -11.856651, 5.000000, 0.000000, 0.500000, 0.500000, 0.150000, 1, 
4.070918, 0.020262, 0, 1, 28.884899, -9.378952, 4.054625, -20.223063, -7.580003, -11.665550, 5.000000, 0.000000, 0.500000, 0.500000, 0.150000, 1, 
4.090414, 0.019496, 0, 1, 28.963375, -9.774094, 4.025212, -20.267813, -7.543303, -11.476627, 5.000000, 0.000000, 0.500000, 0.500000, 0.150000, 1, 
4.109094, 0.018680, 0, 1, 29.038042, -10.153484, 3.997164, -20.310020, -7.507655, -11.297337, 5.000000, 0.000000, 0.500000, 0.500000, 0.150000, 1, 
4.127959, 0.018865, 0, 1, 29.112917, -10.537425, 3.968967, -20.352005, -7.473209, -11.127815, 5.000000, 0.000000, 0.500000, 0.500000, 0.150000, 1, 
4.146698, 0.018739, 0, 1, 29.186769, -10.919571, 3.941091, -20.393076, -7.438145, -10.958805, 5.000000, 0.000000, 0.500000, 0.500000, 0.150000, 1, 
4.165487, 0.018789, 0, 1, 29.260296, -11.303498, 3.913272, -20.433634, -7.403052, -10.793079, 5.000000, 0.000000, 0.500000, 0.500000, 0.150000, 1, 
4.183946, 0.018459, 0, 1, 29.332029, -11.681407, 3.886072, -20.472874, -7.367621, -10.629063, 5.000000, 0.000000, 0.500000, 0.500000, 0.150000, 1, 
4.202388, 0.018442, 0, 1, 29.403198, -12.059680, 3.859026, -20.511492, -7.332572, -10.470024, 5.000000, 0.000000, 0.500000, 0.500000, 0.150000, 1, 
4.223208, 0.020820, 0, 1, 29.482910, -12.487623, 3.828640, -20.554436, -7.297347, -10.313164, 5.000000, 0.000000, 0.500000, 0.500000, 0.150000, 1, 
4.241498, 0.018290, 0, 1, 29.552450, -12.864243, 3.802093, -20.591522, -7.257318, -10.138351, 5.000000, 0.000000, 0.500000, 0.500000, 0.150000, 1, 
4.260520, 0.019021, 0, 1, 29.624247, -13.256637, 3.774619, -20.629515, -7.221958, -9.987049, 5.000000, 0.000000, 0.500000, 0.500000, 0.150000, 1, 
4.279798, 0.019278, 0, 1, 29.696480, -13.655064, 3.746917, -20.667421, -7.184987, -9.831726, 5.000000, 0.000000, 0.500000, 0.500000, 0.150000, 1, 
4.298537, 0.018739, 0, 1, 29.766191, -14.043030, 3.720130, -20.703686, -7.147327, -9.676430, 5.000000, 0.000000, 0.500000, 0.500000, 0.150000, 1, 
4.317628, 0.019091, 0, 1, 29.836695, -14.438978, 3.692981, -20.740065, -7.110549, -9.527565, 5.000000, 0.000000, 0.500000, 0.500000, 0.150000, 1, 
4.336519, 0.018891, 0, 1, 29.905954, -14.831448, 3.666258, -20.775496, -7.072920, -9.377937, 5.000000, 0.000000, 0.500000, 0.500000, 0.150000, 1, 
4.356172, 0.019653, 0, 1, 29.977465, -15.240461, 3.638604, -20.811783, -7.035533, -9.231918, 5.000000, 0.000000, 0.500000, 0.500000, 0.150000, 1, 
4.375875, 0.019704, 0, 1, 30.048616, -15.651242, 3.611032, -20.847574, -6.996486, -9.082077, 5.000000, 0.000000, 0.500000, 0.500000, 0.150000, 1, 
4.419027, 0.043152, 0, 1, 30.201849, -16.554184, 3.550989, -20.924679, -6.957200, -8.933990, 5.000000, 0.000000, 0.500000, 0.500000, 0.150000, 1, 
