GLOBALTIME, DELTATIME, ID, STATE, POS_x, POS_y, VEL_x, VEL_y, FR_x, FR_y, MASS, ROTATION(DEGREES), FRICTIONCOEF.., RESTITUTIONCOEF.., AIR DRAG COEF..,  use air resistance
0.104947, 0.104947, 0, 1, 500.000000, 999.891846, 0.000000, -1.030579, 0.000000, -49.099998, 5.000000, 0.000000, 0.500000, 0.500000, 0.150000, 0, 
0.131704, 0.026757, 0, 1, 500.000000, 999.857239, 0.000000, -1.293333, 0.000000, -49.099998, 5.000000, 0.000000, 0.500000, 0.500000, 0.150000, 0, 
0.153291, 0.021587, 0, 1, 500.000000, 999.824768, 0.000000, -1.505317, 0.000000, -49.099998, 5.000000, 0.000000, 0.500000, 0.500000, 0.150000, 0, 
0.175648, 0.022357, 0, 1, 500.000000, 999.786194, 0.000000, -1.724863, 0.000000, -49.099998, 5.000000, 0.000000, 0.500000, 0.500000, 0.150000, 0, 
0.202888, 0.027240, 0, 1, 500.000000, 999.731934, 0.000000, -1.992360, 0.000000, -49.099998, 5.000000, 0.000000, 0.500000, 0.500000, 0.150000, 0, 
0.221960, 0.019072, 0, 1, 500.000000, 999.690369, 0.000000, -2.179647, 0.000000, -49.099998, 5.000000, 0.000000, 0.500000, 0.500000, 0.150000, 0, 
0.244540, 0.022580, 0, 1, 500.000000, 999.636169, 0.000000, -2.401382, 0.000000, -49.099998, 5.000000, 0.000000, 0.500000, 0.500000, 0.150000, 0, 
0.266973, 0.022433, 0, 1, 500.000000, 999.577332, 0.000000, -2.621675, 0.000000, -49.099998, 5.000000, 0.000000, 0.500000, 0.500000, 0.150000, 0, 
0.290147, 0.023174, 0, 1, 500.000000, 999.511292, 0.000000, -2.849243, 0.000000, -49.099998, 5.000000, 0.000000, 0.500000, 0.500000, 0.150000, 0, 
0.311552, 0.021405, 0, 1, 500.000000, 999.445801, 0.000000, -3.059440, 0.000000, -49.099998, 5.000000, 0.000000, 0.500000, 0.500000, 0.150000, 0, 
0.335371, 0.023819, 0, 1, 500.000000, 999.367371, 0.000000, -3.293343, 0.000000, -49.099998, 5.000000, 0.000000, 0.500000, 0.500000, 0.150000, 0, 
0.359174, 0.023803, 0, 1, 500.000000, 999.283386, 0.000000, -3.527088, 0.000000, -49.099998, 5.000000, 0.000000, 0.500000, 0.500000, 0.150000, 0, 
0.382134, 0.022960, 0, 1, 500.000000, 999.197205, 0.000000, -3.752555, 0.000000, -49.099998, 5.000000, 0.000000, 0.500000, 0.500000, 0.150000, 0, 
0.404187, 0.022053, 0, 1, 500.000000, 999.109680, 0.000000, -3.969116, 0.000000, -49.099998, 5.000000, 0.000000, 0.500000, 0.500000, 0.150000, 0, 
0.429795, 0.025608, 0, 1, 500.000000, 999.001587, 0.000000, -4.220586, 0.000000, -49.099998, 5.000000, 0.000000, 0.500000, 0.500000, 0.150000, 0, 
0.455283, 0.025488, 0, 1, 500.000000, 998.887634, 0.000000, -4.470879, 0.000000, -49.099998, 5.000000, 0.000000, 0.500000, 0.500000, 0.150000, 0, 
0.474109, 0.018826, 0, 1, 500.000000, 998.799988, 0.000000, -4.655750, 0.000000, -49.099998, 5.000000, 0.000000, 0.500000, 0.500000, 0.150000, 0, 
0.493710, 0.019601, 0, 1, 500.000000, 998.704956, 0.000000, -4.848232, 0.000000, -49.099998, 5.000000, 0.000000, 0.500000, 0.500000, 0.150000, 0, 
0.517373, 0.023663, 0, 1, 500.000000, 998.584717, 0.000000, -5.080603, 0.000000, -49.099998, 5.000000, 0.000000, 0.500000, 0.500000, 0.150000, 0, 
0.536362, 0.018989, 0, 1, 500.000000, 998.484680, 0.000000, -5.267075, 0.000000, -49.099998, 5.000000, 0.000000, 0.500000, 0.500000, 0.150000, 0, 
0.553788, 0.017426, 0, 1, 500.000000, 998.389893, 0.000000, -5.438198, 0.000000, -49.099998, 5.000000, 0.000000, 0.500000, 0.500000, 0.150000, 0, 
0.578075, 0.024287, 0, 1, 500.000000, 998.252014, 0.000000, -5.676696, 0.000000, -49.099998, 5.000000, 0.000000, 0.500000, 0.500000, 0.150000, 0, 
0.594833, 0.016758, 0, 1, 500.000000, 998.154114, 0.000000, -5.841260, 0.000000, -49.099998, 5.000000, 0.000000, 0.500000, 0.500000, 0.150000, 0, 
0.616274, 0.021441, 0, 1, 500.000000, 998.024353, 0.000000, -6.051811, 0.000000, -49.099998, 5.000000, 0.000000, 0.500000, 0.500000, 0.150000, 0, 
0.633645, 0.017371, 0, 1, 500.000000, 997.916260, 0.000000, -6.222394, 0.000000, -49.099998, 5.000000, 0.000000, 0.500000, 0.500000, 0.150000, 0, 
0.651253, 0.017608, 0, 1, 500.000000, 997.803650, 0.000000, -6.395305, 0.000000, -49.099998, 5.000000, 0.000000, 0.500000, 0.500000, 0.150000, 0, 
0.674341, 0.023088, 0, 1, 500.000000, 997.650757, 0.000000, -6.622029, 0.000000, -49.099998, 5.000000, 0.000000, 0.500000, 0.500000, 0.150000, 0, 
0.696751, 0.022410, 0, 1, 500.000000, 997.497437, 0.000000, -6.842095, 0.000000, -49.099998, 5.000000, 0.000000, 0.500000, 0.500000, 0.150000, 0, 
0.714957, 0.018206, 0, 1, 500.000000, 997.369629, 0.000000, -7.020878, 0.000000, -49.099998, 5.000000, 0.000000, 0.500000, 0.500000, 0.150000, 0, 
0.736583, 0.021626, 0, 1, 500.000000, 997.213196, 0.000000, -7.233245, 0.000000, -49.099998, 5.000000, 0.000000, 0.500000, 0.500000, 0.150000, 0, 
0.759043, 0.022460, 0, 1, 500.000000, 997.045776, 0.000000, -7.453802, 0.000000, -49.099998, 5.000000, 0.000000, 0.500000, 0.500000, 0.150000, 0, 
0.782692, 0.023649, 0, 1, 500.000000, 996.864014, 0.000000, -7.686035, 0.000000, -49.099998, 5.000000, 0.000000, 0.500000, 0.500000, 0.150000, 0, 
0.806950, 0.024258, 0, 1, 500.000000, 996.671814, 0.000000, -7.924249, 0.000000, -49.099998, 5.000000, 0.000000, 0.500000, 0.500000, 0.150000, 0, 
0.824445, 0.017495, 0, 1, 500.000000, 996.530151, 0.000000, -8.096049, 0.000000, -49.099998, 5.000000, 0.000000, 0.500000, 0.500000, 0.150000, 0, 
0.848103, 0.023658, 0, 1, 500.000000, 996.333130, 0.000000, -8.328371, 0.000000, -49.099998, 5.000000, 0.000000, 0.500000, 0.500000, 0.150000, 0, 
0.871595, 0.023492, 0, 1, 500.000000, 996.132080, 0.000000, -8.559063, 0.000000, -49.099998, 5.000000, 0.000000, 0.500000, 0.500000, 0.150000, 0, 
0.894982, 0.023387, 0, 1, 500.000000, 995.926514, 0.000000, -8.788723, 0.000000, -49.099998, 5.000000, 0.000000, 0.500000, 0.500000, 0.150000, 0, 
0.922519, 0.027537, 0, 1, 500.000000, 995.677063, 0.000000, -9.059136, 0.000000, -49.099998, 5.000000, 0.000000, 0.500000, 0.500000, 0.150000, 0, 
0.946222, 0.023703, 0, 1, 500.000000, 995.456787, 0.000000, -9.291900, 0.000000, -49.099998, 5.000000, 0.000000, 0.500000, 0.500000, 0.150000, 0, 
0.968034, 0.021812, 0, 1, 500.000000, 995.249451, 0.000000, -9.506094, 0.000000, -49.099998, 5.000000, 0.000000, 0.500000, 0.500000, 0.150000, 0, 
0.989800, 0.021766, 0, 1, 500.000000, 995.037903, 0.000000, -9.719836, 0.000000, -49.099998, 5.000000, 0.000000, 0.500000, 0.500000, 0.150000, 0, 
1.012619, 0.022819, 0, 1, 500.000000, 994.810974, 0.000000, -9.943919, 0.000000, -49.099998, 5.000000, 0.000000, 0.500000, 0.500000, 0.150000, 0, 
1.035754, 0.023135, 0, 1, 500.000000, 994.575684, 0.000000, -10.171104, 0.000000, -49.099998, 5.000000, 0.000000, 0.500000, 0.500000, 0.150000, 0, 
1.057783, 0.022029, 0, 1, 500.000000, 994.346863, 0.000000, -10.387429, 0.000000, -49.099998, 5.000000, 0.000000, 0.500000, 0.500000, 0.150000, 0, 
1.079830, 0.022047, 0, 1, 500.000000, 994.113098, 0.000000, -10.603930, 0.000000, -49.099998, 5.000000, 0.000000, 0.500000, 0.500000, 0.150000, 0, 
1.101979, 0.022149, 0, 1, 500.000000, 993.873413, 0.000000, -10.821434, 0.000000, -49.099998, 5.000000, 0.000000, 0.500000, 0.500000, 0.150000, 0, 
1.124331, 0.022352, 0, 1, 500.000000, 993.626648, 0.000000, -11.040931, 0.000000, -49.099998, 5.000000, 0.000000, 0.500000, 0.500000, 0.150000, 0, 
1.148050, 0.023719, 0, 1, 500.000000, 993.359253, 0.000000, -11.273851, 0.000000, -49.099998, 5.000000, 0.000000, 0.500000, 0.500000, 0.150000, 0, 
1.169897, 0.021847, 0, 1, 500.000000, 993.108276, 0.000000, -11.488389, 0.000000, -49.099998, 5.000000, 0.000000, 0.500000, 0.500000, 0.150000, 0, 
1.191672, 0.021775, 0, 1, 500.000000, 992.853455, 0.000000, -11.702220, 0.000000, -49.099998, 5.000000, 0.000000, 0.500000, 0.500000, 0.150000, 0, 
1.213508, 0.021836, 0, 1, 500.000000, 992.593262, 0.000000, -11.916650, 0.000000, -49.099998, 5.000000, 0.000000, 0.500000, 0.500000, 0.150000, 0, 
1.235578, 0.022070, 0, 1, 500.000000, 992.325500, 0.000000, -12.133377, 0.000000, -49.099998, 5.000000, 0.000000, 0.500000, 0.500000, 0.150000, 0, 
1.257833, 0.022255, 0, 1, 500.000000, 992.050598, 0.000000, -12.351921, 0.000000, -49.099998, 5.000000, 0.000000, 0.500000, 0.500000, 0.150000, 0, 
1.280226, 0.022393, 0, 1, 500.000000, 991.769104, 0.000000, -12.571820, 0.000000, -49.099998, 5.000000, 0.000000, 0.500000, 0.500000, 0.150000, 0, 
1.302310, 0.022084, 0, 1, 500.000000, 991.486694, 0.000000, -12.788685, 0.000000, -49.099998, 5.000000, 0.000000, 0.500000, 0.500000, 0.150000, 0, 
1.319034, 0.016724, 0, 1, 500.000000, 991.270081, 0.000000, -12.952914, 0.000000, -49.099998, 5.000000, 0.000000, 0.500000, 0.500000, 0.150000, 0, 
1.335975, 0.016941, 0, 1, 500.000000, 991.047852, 0.000000, -13.119275, 0.000000, -49.099998, 5.000000, 0.000000, 0.500000, 0.500000, 0.150000, 0, 
1.358674, 0.022699, 0, 1, 500.000000, 990.744995, 0.000000, -13.342179, 0.000000, -49.099998, 5.000000, 0.000000, 0.500000, 0.500000, 0.150000, 0, 
1.383467, 0.024793, 0, 1, 500.000000, 990.408142, 0.000000, -13.585647, 0.000000, -49.099998, 5.000000, 0.000000, 0.500000, 0.500000, 0.150000, 0, 
1.405384, 0.021917, 0, 1, 500.000000, 990.105652, 0.000000, -13.800872, 0.000000, -49.099998, 5.000000, 0.000000, 0.500000, 0.500000, 0.150000, 0, 
1.428084, 0.022700, 0, 1, 500.000000, 989.787292, 0.000000, -14.023786, 0.000000, -49.099998, 5.000000, 0.000000, 0.500000, 0.500000, 0.150000, 0, 
1.450024, 0.021940, 0, 1, 500.000000, 989.474854, 0.000000, -14.239237, 0.000000, -49.099998, 5.000000, 0.000000, 0.500000, 0.500000, 0.150000, 0, 
1.471789, 0.021765, 0, 1, 500.000000, 989.160278, 0.000000, -14.452970, 0.000000, -49.099998, 5.000000, 0.000000, 0.500000, 0.500000, 0.150000, 0, 
1.495243, 0.023454, 0, 1, 500.000000, 988.815918, 0.000000, -14.683288, 0.000000, -49.099998, 5.000000, 0.000000, 0.500000, 0.500000, 0.150000, 0, 
1.512205, 0.016962, 0, 1, 500.000000, 988.564026, 0.000000, -14.849854, 0.000000, -49.099998, 5.000000, 0.000000, 0.500000, 0.500000, 0.150000, 0, 
1.529494, 0.017289, 0, 1, 500.000000, 988.304321, 0.000000, -15.019632, 0.000000, -49.099998, 5.000000, 0.000000, 0.500000, 0.500000, 0.150000, 0, 
1.552159, 0.022665, 0, 1, 500.000000, 987.958862, 0.000000, -15.242203, 0.000000, -49.099998, 5.000000, 0.000000, 0.500000, 0.500000, 0.150000, 0, 
1.575282, 0.023123, 0, 1, 500.000000, 987.601196, 0.000000, -15.469271, 0.000000, -49.099998, 5.000000, 0.000000, 0.500000, 0.500000, 0.150000, 0, 
1.597743, 0.022461, 0, 1, 500.000000, 987.248779, 0.000000, -15.689837, 0.000000, -49.099998, 5.000000, 0.000000, 0.500000, 0.500000, 0.150000, 0, 
1.619537, 0.021794, 0, 1, 500.000000, 986.902161, 0.000000, -15.903854, 0.000000, -49.099998, 5.000000, 0.000000, 0.500000, 0.500000, 0.150000, 0, 
1.644928, 0.025391, 0, 1, 500.000000, 986.492004, 0.000000, -16.153194, 0.000000, -49.099998, 5.000000, 0.000000, 0.500000, 0.500000, 0.150000, 0, 
1.666882, 0.021954, 0, 1, 500.000000, 986.132629, 0.000000, -16.368782, 0.000000, -49.099998, 5.000000, 0.000000, 0.500000, 0.500000, 0.150000, 0, 
1.684176, 0.017294, 0, 1, 500.000000, 985.846619, 0.000000, -16.538609, 0.000000, -49.099998, 5.000000, 0.000000, 0.500000, 0.500000, 0.150000, 0, 
1.705654, 0.021478, 0, 1, 500.000000, 985.486877, 0.000000, -16.749523, 0.000000, -49.099998, 5.000000, 0.000000, 0.500000, 0.500000, 0.150000, 0, 
1.728359, 0.022705, 0, 1, 500.000000, 985.101501, 0.000000, -16.972486, 0.000000, -49.099998, 5.000000, 0.000000, 0.500000, 0.500000, 0.150000, 0, 
1.749863, 0.021504, 0, 1, 500.000000, 984.731995, 0.000000, -17.183657, 0.000000, -49.099998, 5.000000, 0.000000, 0.500000, 0.500000, 0.150000, 0, 
1.772396, 0.022533, 0, 1, 500.000000, 984.339783, 0.000000, -17.404930, 0.000000, -49.099998, 5.000000, 0.000000, 0.500000, 0.500000, 0.150000, 0, 
1.796091, 0.023695, 0, 1, 500.000000, 983.921875, 0.000000, -17.637615, 0.000000, -49.099998, 5.000000, 0.000000, 0.500000, 0.500000, 0.150000, 0, 
1.817169, 0.021078, 0, 1, 500.000000, 983.545776, 0.000000, -17.844601, 0.000000, -49.099998, 5.000000, 0.000000, 0.500000, 0.500000, 0.150000, 0, 
1.838895, 0.021726, 0, 1, 500.000000, 983.153442, 0.000000, -18.057949, 0.000000, -49.099998, 5.000000, 0.000000, 0.500000, 0.500000, 0.150000, 0, 
1.864651, 0.025756, 0, 1, 500.000000, 982.681824, 0.000000, -18.310873, 0.000000, -49.099998, 5.000000, 0.000000, 0.500000, 0.500000, 0.150000, 0, 
1.886066, 0.021415, 0, 1, 500.000000, 982.285217, 0.000000, -18.521168, 0.000000, -49.099998, 5.000000, 0.000000, 0.500000, 0.500000, 0.150000, 0, 
1.908270, 0.022204, 0, 1, 500.000000, 981.869141, 0.000000, -18.739210, 0.000000, -49.099998, 5.000000, 0.000000, 0.500000, 0.500000, 0.150000, 0, 
1.930928, 0.022658, 0, 1, 500.000000, 981.439514, 0.000000, -18.961712, 0.000000, -49.099998, 5.000000, 0.000000, 0.500000, 0.500000, 0.150000, 0, 
1.952914, 0.021986, 0, 1, 500.000000, 981.017883, 0.000000, -19.177614, 0.000000, -49.099998, 5.000000, 0.000000, 0.500000, 0.500000, 0.150000, 0, 
1.974809, 0.021895, 0, 1, 500.000000, 980.593262, 0.000000, -19.392624, 0.000000, -49.099998, 5.000000, 0.000000, 0.500000, 0.500000, 0.150000, 0, 
1.997325, 0.022516, 0, 1, 500.000000, 980.151611, 0.000000, -19.613731, 0.000000, -49.099998, 5.000000, 0.000000, 0.500000, 0.500000, 0.150000, 0, 
2.019751, 0.022426, 0, 1, 500.000000, 979.706787, 0.000000, -19.833954, 0.000000, -49.099998, 5.000000, 0.000000, 0.500000, 0.500000, 0.150000, 0, 
2.042673, 0.022922, 0, 1, 500.000000, 979.247009, 0.000000, -20.059048, 0.000000, -49.099998, 5.000000, 0.000000, 0.500000, 0.500000, 0.150000, 0, 
2.064992, 0.022319, 0, 1, 500.000000, 978.794434, 0.000000, -20.278221, 0.000000, -49.099998, 5.000000, 0.000000, 0.500000, 0.500000, 0.150000, 0, 
2.086582, 0.021590, 0, 1, 500.000000, 978.352051, 0.000000, -20.490234, 0.000000, -49.099998, 5.000000, 0.000000, 0.500000, 0.500000, 0.150000, 0, 
2.108203, 0.021621, 0, 1, 500.000000, 977.904419, 0.000000, -20.702553, 0.000000, -49.099998, 5.000000, 0.000000, 0.500000, 0.500000, 0.150000, 0, 
2.131018, 0.022815, 0, 1, 500.000000, 977.427002, 0.000000, -20.926596, 0.000000, -49.099998, 5.000000, 0.000000, 0.500000, 0.500000, 0.150000, 0, 
2.152674, 0.021656, 0, 1, 500.000000, 976.969238, 0.000000, -21.139257, 0.000000, -49.099998, 5.000000, 0.000000, 0.500000, 0.500000, 0.150000, 0, 
2.175236, 0.022562, 0, 1, 500.000000, 976.487305, 0.000000, -21.360817, 0.000000, -49.099998, 5.000000, 0.000000, 0.500000, 0.500000, 0.150000, 0, 
2.197759, 0.022523, 0, 1, 500.000000, 976.001221, 0.000000, -21.581993, 0.000000, -49.099998, 5.000000, 0.000000, 0.500000, 0.500000, 0.150000, 0, 
2.214707, 0.016948, 0, 1, 500.000000, 975.632629, 0.000000, -21.748423, 0.000000, -49.099998, 5.000000, 0.000000, 0.500000, 0.500000, 0.150000, 0, 
2.233545, 0.018838, 0, 1, 500.000000, 975.219421, 0.000000, -21.933413, 0.000000, -49.099998, 5.000000, 0.000000, 0.500000, 0.500000, 0.150000, 0, 
2.255187, 0.021642, 0, 1, 500.000000, 974.740112, 0.000000, -22.145937, 0.000000, -49.099998, 5.000000, 0.000000, 0.500000, 0.500000, 0.150000, 0, 
2.276523, 0.021336, 0, 1, 500.000000, 974.263123, 0.000000, -22.355457, 0.000000, -49.099998, 5.000000, 0.000000, 0.500000, 0.500000, 0.150000, 0, 
2.298213, 0.021690, 0, 1, 500.000000, 973.773621, 0.000000, -22.568453, 0.000000, -49.099998, 5.000000, 0.000000, 0.500000, 0.500000, 0.150000, 0, 
2.319761, 0.021548, 0, 1, 500.000000, 973.282776, 0.000000, -22.780054, 0.000000, -49.099998, 5.000000, 0.000000, 0.500000, 0.500000, 0.150000, 0, 
2.343472, 0.023711, 0, 1, 500.000000, 972.737122, 0.000000, -23.012896, 0.000000, -49.099998, 5.000000, 0.000000, 0.500000, 0.500000, 0.150000, 0, 
2.365141, 0.021669, 0, 1, 500.000000, 972.233826, 0.000000, -23.225685, 0.000000, -49.099998, 5.000000, 0.000000, 0.500000, 0.500000, 0.150000, 0, 
2.386828, 0.021687, 0, 1, 500.000000, 971.725525, 0.000000, -23.438652, 0.000000, -49.099998, 5.000000, 0.000000, 0.500000, 0.500000, 0.150000, 0, 
2.405298, 0.018470, 0, 1, 500.000000, 971.289246, 0.000000, -23.620028, 0.000000, -49.099998, 5.000000, 0.000000, 0.500000, 0.500000, 0.150000, 0, 
2.428088, 0.022790, 0, 1, 500.000000, 970.745850, 0.000000, -23.843826, 0.000000, -49.099998, 5.000000, 0.000000, 0.500000, 0.500000, 0.150000, 0, 
2.450602, 0.022514, 0, 1, 500.000000, 970.204041, 0.000000, -24.064915, 0.000000, -49.099998, 5.000000, 0.000000, 0.500000, 0.500000, 0.150000, 0, 
2.472021, 0.021419, 0, 1, 500.000000, 969.684082, 0.000000, -24.275249, 0.000000, -49.099998, 5.000000, 0.000000, 0.500000, 0.500000, 0.150000, 0, 
2.493238, 0.021217, 0, 1, 500.000000, 969.164612, 0.000000, -24.483601, 0.000000, -49.099998, 5.000000, 0.000000, 0.500000, 0.500000, 0.150000, 0, 
2.514512, 0.021274, 0, 1, 500.000000, 968.639282, 0.000000, -24.692511, 0.000000, -49.099998, 5.000000, 0.000000, 0.500000, 0.500000, 0.150000, 0, 
2.535552, 0.021040, 0, 1, 500.000000, 968.115417, 0.000000, -24.899124, 0.000000, -49.099998, 5.000000, 0.000000, 0.500000, 0.500000, 0.150000, 0, 
2.554922, 0.019370, 0, 1, 500.000000, 967.629456, 0.000000, -25.089338, 0.000000, -49.099998, 5.000000, 0.000000, 0.500000, 0.500000, 0.150000, 0, 
2.579237, 0.024315, 0, 1, 500.000000, 967.013611, 0.000000, -25.328112, 0.000000, -49.099998, 5.000000, 0.000000, 0.500000, 0.500000, 0.150000, 0, 
2.599830, 0.020593, 0, 1, 500.000000, 966.487854, 0.000000, -25.530334, 0.000000, -49.099998, 5.000000, 0.000000, 0.500000, 0.500000, 0.150000, 0, 
2.620562, 0.020732, 0, 1, 500.000000, 965.954346, 0.000000, -25.733923, 0.000000, -49.099998, 5.000000, 0.000000, 0.500000, 0.500000, 0.150000, 0, 
2.641342, 0.020780, 0, 1, 500.000000, 965.415344, 0.000000, -25.937983, 0.000000, -49.099998, 5.000000, 0.000000, 0.500000, 0.500000, 0.150000, 0, 
2.662995, 0.021653, 0, 1, 500.000000, 964.849121, 0.000000, -26.150616, 0.000000, -49.099998, 5.000000, 0.000000, 0.500000, 0.500000, 0.150000, 0, 
2.684998, 0.022003, 0, 1, 500.000000, 964.268982, 0.000000, -26.366686, 0.000000, -49.099998, 5.000000, 0.000000, 0.500000, 0.500000, 0.150000, 0, 
2.705519, 0.020521, 0, 1, 500.000000, 963.723755, 0.000000, -26.568203, 0.000000, -49.099998, 5.000000, 0.000000, 0.500000, 0.500000, 0.150000, 0, 
2.726687, 0.021168, 0, 1, 500.000000, 963.156982, 0.000000, -26.776073, 0.000000, -49.099998, 5.000000, 0.000000, 0.500000, 0.500000, 0.150000, 0, 
2.747626, 0.020939, 0, 1, 500.000000, 962.592041, 0.000000, -26.981695, 0.000000, -49.099998, 5.000000, 0.000000, 0.500000, 0.500000, 0.150000, 0, 
2.768613, 0.020987, 0, 1, 500.000000, 962.021423, 0.000000, -27.187788, 0.000000, -49.099998, 5.000000, 0.000000, 0.500000, 0.500000, 0.150000, 0, 
2.789347, 0.020734, 0, 1, 500.000000, 961.453491, 0.000000, -27.391396, 0.000000, -49.099998, 5.000000, 0.000000, 0.500000, 0.500000, 0.150000, 0, 
2.811506, 0.022159, 0, 1, 500.000000, 960.841675, 0.000000, -27.608997, 0.000000, -49.099998, 5.000000, 0.000000, 0.500000, 0.500000, 0.150000, 0, 
2.832154, 0.020648, 0, 1, 500.000000, 960.267395, 0.000000, -27.811760, 0.000000, -49.099998, 5.000000, 0.000000, 0.500000, 0.500000, 0.150000, 0, 
2.853213, 0.021059, 0, 1, 500.000000, 959.677368, 0.000000, -28.018559, 0.000000, -49.099998, 5.000000, 0.000000, 0.500000, 0.500000, 0.150000, 0, 
2.874380, 0.021167, 0, 1, 500.000000, 959.079895, 0.000000, -28.226418, 0.000000, -49.099998, 5.000000, 0.000000, 0.500000, 0.500000, 0.150000, 0, 
2.896473, 0.022093, 0, 1, 500.000000, 958.451477, 0.000000, -28.443371, 0.000000, -49.099998, 5.000000, 0.000000, 0.500000, 0.500000, 0.150000, 0, 
2.917583, 0.021110, 0, 1, 500.000000, 957.846680, 0.000000, -28.650671, 0.000000, -49.099998, 5.000000, 0.000000, 0.500000, 0.500000, 0.150000, 0, 
2.938458, 0.020875, 0, 1, 500.000000, 957.244324, 0.000000, -28.855663, 0.000000, -49.099998, 5.000000, 0.000000, 0.500000, 0.500000, 0.150000, 0, 
2.959016, 0.020558, 0, 1, 500.000000, 956.646973, 0.000000, -29.057543, 0.000000, -49.099998, 5.000000, 0.000000, 0.500000, 0.500000, 0.150000, 0, 
2.980534, 0.021518, 0, 1, 500.000000, 956.017151, 0.000000, -29.268850, 0.000000, -49.099998, 5.000000, 0.000000, 0.500000, 0.500000, 0.150000, 0, 
3.002078, 0.021544, 0, 1, 500.000000, 955.382019, 0.000000, -29.480412, 0.000000, -49.099998, 5.000000, 0.000000, 0.500000, 0.500000, 0.150000, 0, 
3.022641, 0.020563, 0, 1, 500.000000, 954.771667, 0.000000, -29.682341, 0.000000, -49.099998, 5.000000, 0.000000, 0.500000, 0.500000, 0.150000, 0, 
3.045204, 0.022563, 0, 1, 500.000000, 954.096924, 0.000000, -29.903910, 0.000000, -49.099998, 5.000000, 0.000000, 0.500000, 0.500000, 0.150000, 0, 
3.066321, 0.021117, 0, 1, 500.000000, 953.461060, 0.000000, -30.111279, 0.000000, -49.099998, 5.000000, 0.000000, 0.500000, 0.500000, 0.150000, 0, 
3.087569, 0.021248, 0, 1, 500.000000, 952.816833, 0.000000, -30.319935, 0.000000, -49.099998, 5.000000, 0.000000, 0.500000, 0.500000, 0.150000, 0, 
3.111988, 0.024419, 0, 1, 500.000000, 952.070618, 0.000000, -30.559729, 0.000000, -49.099998, 5.000000, 0.000000, 0.500000, 0.500000, 0.150000, 0, 
3.133503, 0.021515, 0, 1, 500.000000, 951.408569, 0.000000, -30.771006, 0.000000, -49.099998, 5.000000, 0.000000, 0.500000, 0.500000, 0.150000, 0, 
3.154226, 0.020723, 0, 1, 500.000000, 950.766663, 0.000000, -30.974506, 0.000000, -49.099998, 5.000000, 0.000000, 0.500000, 0.500000, 0.150000, 0, 
3.175403, 0.021177, 0, 1, 500.000000, 950.106323, 0.000000, -31.182465, 0.000000, -49.099998, 5.000000, 0.000000, 0.500000, 0.500000, 0.150000, 0, 
3.197074, 0.021671, 0, 1, 500.000000, 949.425964, 0.000000, -31.395273, 0.000000, -49.099998, 5.000000, 0.000000, 0.500000, 0.500000, 0.150000, 0, 
3.218736, 0.021662, 0, 1, 500.000000, 948.741272, 0.000000, -31.607994, 0.000000, -49.099998, 5.000000, 0.000000, 0.500000, 0.500000, 0.150000, 0, 
3.239635, 0.020899, 0, 1, 500.000000, 948.076416, 0.000000, -31.813223, 0.000000, -49.099998, 5.000000, 0.000000, 0.500000, 0.500000, 0.150000, 0, 
3.261528, 0.021893, 0, 1, 500.000000, 947.375244, 0.000000, -32.028214, 0.000000, -49.099998, 5.000000, 0.000000, 0.500000, 0.500000, 0.150000, 0, 
3.282118, 0.020589, 0, 1, 500.000000, 946.711670, 0.000000, -32.230396, 0.000000, -49.099998, 5.000000, 0.000000, 0.500000, 0.500000, 0.150000, 0, 
3.303250, 0.021132, 0, 1, 500.000000, 946.026184, 0.000000, -32.437912, 0.000000, -49.099998, 5.000000, 0.000000, 0.500000, 0.500000, 0.150000, 0, 
3.324440, 0.021191, 0, 1, 500.000000, 945.334412, 0.000000, -32.646008, 0.000000, -49.099998, 5.000000, 0.000000, 0.500000, 0.500000, 0.150000, 0, 
3.346782, 0.022342, 0, 1, 500.000000, 944.600159, 0.000000, -32.865406, 0.000000, -49.099998, 5.000000, 0.000000, 0.500000, 0.500000, 0.150000, 0, 
3.368484, 0.021702, 0, 1, 500.000000, 943.882263, 0.000000, -33.078518, 0.000000, -49.099998, 5.000000, 0.000000, 0.500000, 0.500000, 0.150000, 0, 
3.389007, 0.020522, 0, 1, 500.000000, 943.199280, 0.000000, -33.280045, 0.000000, -49.099998, 5.000000, 0.000000, 0.500000, 0.500000, 0.150000, 0, 
3.410253, 0.021246, 0, 1, 500.000000, 942.487793, 0.000000, -33.488682, 0.000000, -49.099998, 5.000000, 0.000000, 0.500000, 0.500000, 0.150000, 0, 
3.431872, 0.021619, 0, 1, 500.000000, 941.759216, 0.000000, -33.700981, 0.000000, -49.099998, 5.000000, 0.000000, 0.500000, 0.500000, 0.150000, 0, 
3.453851, 0.021979, 0, 1, 500.000000, 941.013733, 0.000000, -33.916817, 0.000000, -49.099998, 5.000000, 0.000000, 0.500000, 0.500000, 0.150000, 0, 
3.474778, 0.020927, 0, 1, 500.000000, 940.299683, 0.000000, -34.122318, 0.000000, -49.099998, 5.000000, 0.000000, 0.500000, 0.500000, 0.150000, 0, 
3.496034, 0.021256, 0, 1, 500.000000, 939.569946, 0.000000, -34.331051, 0.000000, -49.099998, 5.000000, 0.000000, 0.500000, 0.500000, 0.150000, 0, 
3.516879, 0.020845, 0, 1, 500.000000, 938.850037, 0.000000, -34.535748, 0.000000, -49.099998, 5.000000, 0.000000, 0.500000, 0.500000, 0.150000, 0, 
3.537392, 0.020513, 0, 1, 500.000000, 938.137451, 0.000000, -34.737186, 0.000000, -49.099998, 5.000000, 0.000000, 0.500000, 0.500000, 0.150000, 0, 
3.560021, 0.022629, 0, 1, 500.000000, 937.346375, 0.000000, -34.959404, 0.000000, -49.099998, 5.000000, 0.000000, 0.500000, 0.500000, 0.150000, 0, 
3.583149, 0.023128, 0, 1, 500.000000, 936.532593, 0.000000, -35.186520, 0.000000, -49.099998, 5.000000, 0.000000, 0.500000, 0.500000, 0.150000, 0, 
3.600464, 0.017315, 0, 1, 500.000000, 935.920410, 0.000000, -35.356552, 0.000000, -49.099998, 5.000000, 0.000000, 0.500000, 0.500000, 0.150000, 0, 
3.617934, 0.017470, 0, 1, 500.000000, 935.299744, 0.000000, -35.528107, 0.000000, -49.099998, 5.000000, 0.000000, 0.500000, 0.500000, 0.150000, 0, 
3.634860, 0.016926, 0, 1, 500.000000, 934.695557, 0.000000, -35.694321, 0.000000, -49.099998, 5.000000, 0.000000, 0.500000, 0.500000, 0.150000, 0, 
3.656660, 0.021800, 0, 1, 500.000000, 933.912781, 0.000000, -35.908398, 0.000000, -49.099998, 5.000000, 0.000000, 0.500000, 0.500000, 0.150000, 0, 
3.678651, 0.021991, 0, 1, 500.000000, 933.118347, 0.000000, -36.124348, 0.000000, -49.099998, 5.000000, 0.000000, 0.500000, 0.500000, 0.150000, 0, 
3.699243, 0.020592, 0, 1, 500.000000, 932.370300, 0.000000, -36.326561, 0.000000, -49.099998, 5.000000, 0.000000, 0.500000, 0.500000, 0.150000, 0, 
3.720107, 0.020864, 0, 1, 500.000000, 931.608093, 0.000000, -36.531445, 0.000000, -49.099998, 5.000000, 0.000000, 0.500000, 0.500000, 0.150000, 0, 
3.741246, 0.021139, 0, 1, 500.000000, 930.831482, 0.000000, -36.739029, 0.000000, -49.099998, 5.000000, 0.000000, 0.500000, 0.500000, 0.150000, 0, 
3.763397, 0.022152, 0, 1, 500.000000, 930.012817, 0.000000, -36.956562, 0.000000, -49.099998, 5.000000, 0.000000, 0.500000, 0.500000, 0.150000, 0, 
3.784750, 0.021353, 0, 1, 500.000000, 929.219177, 0.000000, -37.166248, 0.000000, -49.099998, 5.000000, 0.000000, 0.500000, 0.500000, 0.150000, 0, 
3.805457, 0.020707, 0, 1, 500.000000, 928.445374, 0.000000, -37.369591, 0.000000, -49.099998, 5.000000, 0.000000, 0.500000, 0.500000, 0.150000, 0, 
3.826511, 0.021054, 0, 1, 500.000000, 927.654236, 0.000000, -37.576340, 0.000000, -49.099998, 5.000000, 0.000000, 0.500000, 0.500000, 0.150000, 0, 
3.847627, 0.021116, 0, 1, 500.000000, 926.856384, 0.000000, -37.783699, 0.000000, -49.099998, 5.000000, 0.000000, 0.500000, 0.500000, 0.150000, 0, 
3.868365, 0.020738, 0, 1, 500.000000, 926.068604, 0.000000, -37.987347, 0.000000, -49.099998, 5.000000, 0.000000, 0.500000, 0.500000, 0.150000, 0, 
3.890101, 0.021736, 0, 1, 500.000000, 925.238281, 0.000000, -38.200794, 0.000000, -49.099998, 5.000000, 0.000000, 0.500000, 0.500000, 0.150000, 0, 
3.911797, 0.021696, 0, 1, 500.000000, 924.404846, 0.000000, -38.413849, 0.000000, -49.099998, 5.000000, 0.000000, 0.500000, 0.500000, 0.150000, 0, 
3.932925, 0.021128, 0, 1, 500.000000, 923.588867, 0.000000, -38.621326, 0.000000, -49.099998, 5.000000, 0.000000, 0.500000, 0.500000, 0.150000, 0, 
3.953748, 0.020823, 0, 1, 500.000000, 922.780396, 0.000000, -38.825809, 0.000000, -49.099998, 5.000000, 0.000000, 0.500000, 0.500000, 0.150000, 0, 
3.975806, 0.022058, 0, 1, 500.000000, 921.919189, 0.000000, -39.042419, 0.000000, -49.099998, 5.000000, 0.000000, 0.500000, 0.500000, 0.150000, 0, 
4.000031, 0.024225, 0, 1, 500.000000, 920.967651, 0.000000, -39.280308, 0.000000, -49.099998, 5.000000, 0.000000, 0.500000, 0.500000, 0.150000, 0, 
4.017140, 0.017109, 0, 1, 500.000000, 920.292725, 0.000000, -39.448318, 0.000000, -49.099998, 5.000000, 0.000000, 0.500000, 0.500000, 0.150000, 0, 
4.037881, 0.020741, 0, 1, 500.000000, 919.470276, 0.000000, -39.651997, 0.000000, -49.099998, 5.000000, 0.000000, 0.500000, 0.500000, 0.150000, 0, 
4.058939, 0.021057, 0, 1, 500.000000, 918.630981, 0.000000, -39.858776, 0.000000, -49.099998, 5.000000, 0.000000, 0.500000, 0.500000, 0.150000, 0, 
4.080265, 0.021326, 0, 1, 500.000000, 917.776489, 0.000000, -40.068199, 0.000000, -49.099998, 5.000000, 0.000000, 0.500000, 0.500000, 0.150000, 0, 
4.101539, 0.021274, 0, 1, 500.000000, 916.919617, 0.000000, -40.277111, 0.000000, -49.099998, 5.000000, 0.000000, 0.500000, 0.500000, 0.150000, 0, 
4.122597, 0.021058, 0, 1, 500.000000, 916.067078, 0.000000, -40.483902, 0.000000, -49.099998, 5.000000, 0.000000, 0.500000, 0.500000, 0.150000, 0, 
4.144068, 0.021471, 0, 1, 500.000000, 915.193298, 0.000000, -40.694748, 0.000000, -49.099998, 5.000000, 0.000000, 0.500000, 0.500000, 0.150000, 0, 
4.164759, 0.020691, 0, 1, 500.000000, 914.347107, 0.000000, -40.897934, 0.000000, -49.099998, 5.000000, 0.000000, 0.500000, 0.500000, 0.150000, 0, 
4.185868, 0.021109, 0, 1, 500.000000, 913.479431, 0.000000, -41.105225, 0.000000, -49.099998, 5.000000, 0.000000, 0.500000, 0.500000, 0.150000, 0, 
4.206991, 0.021123, 0, 1, 500.000000, 912.606812, 0.000000, -41.312653, 0.000000, -49.099998, 5.000000, 0.000000, 0.500000, 0.500000, 0.150000, 0, 
4.228497, 0.021506, 0, 1, 500.000000, 911.713806, 0.000000, -41.523842, 0.000000, -49.099998, 5.000000, 0.000000, 0.500000, 0.500000, 0.150000, 0, 
4.249755, 0.021259, 0, 1, 500.000000, 910.826599, 0.000000, -41.732605, 0.000000, -49.099998, 5.000000, 0.000000, 0.500000, 0.500000, 0.150000, 0, 
4.270391, 0.020635, 0, 1, 500.000000, 909.961243, 0.000000, -41.935242, 0.000000, -49.099998, 5.000000, 0.000000, 0.500000, 0.500000, 0.150000, 0, 
4.292055, 0.021664, 0, 1, 500.000000, 909.048157, 0.000000, -42.147984, 0.000000, -49.099998, 5.000000, 0.000000, 0.500000, 0.500000, 0.150000, 0, 
4.308835, 0.016780, 0, 1, 500.000000, 908.338135, 0.000000, -42.312763, 0.000000, -49.099998, 5.000000, 0.000000, 0.500000, 0.500000, 0.150000, 0, 
4.330740, 0.021906, 0, 1, 500.000000, 907.406494, 0.000000, -42.527882, 0.000000, -49.099998, 5.000000, 0.000000, 0.500000, 0.500000, 0.150000, 0, 
4.351814, 0.021074, 0, 1, 500.000000, 906.505920, 0.000000, -42.734829, 0.000000, -49.099998, 5.000000, 0.000000, 0.500000, 0.500000, 0.150000, 0, 
4.372499, 0.020685, 0, 1, 500.000000, 905.617737, 0.000000, -42.937954, 0.000000, -49.099998, 5.000000, 0.000000, 0.500000, 0.500000, 0.150000, 0, 
4.392996, 0.020497, 0, 1, 500.000000, 904.733521, 0.000000, -43.139233, 0.000000, -49.099998, 5.000000, 0.000000, 0.500000, 0.500000, 0.150000, 0, 
4.414087, 0.021091, 0, 1, 500.000000, 903.819275, 0.000000, -43.346348, 0.000000, -49.099998, 5.000000, 0.000000, 0.500000, 0.500000, 0.150000, 0, 
4.437013, 0.022926, 0, 1, 500.000000, 902.820374, 0.000000, -43.571480, 0.000000, -49.099998, 5.000000, 0.000000, 0.500000, 0.500000, 0.150000, 0, 
4.458258, 0.021245, 0, 1, 500.000000, 901.890259, 0.000000, -43.780106, 0.000000, -49.099998, 5.000000, 0.000000, 0.500000, 0.500000, 0.150000, 0, 
4.479711, 0.021453, 0, 1, 500.000000, 900.946533, 0.000000, -43.990772, 0.000000, -49.099998, 5.000000, 0.000000, 0.500000, 0.500000, 0.150000, 0, 
4.500231, 0.020520, 0, 1, 500.000000, 900.039734, 0.000000, -44.192280, 0.000000, -49.099998, 5.000000, 0.000000, 0.500000, 0.500000, 0.150000, 0, 
4.522246, 0.022015, 0, 1, 500.000000, 899.062073, 0.000000, -44.408466, 0.000000, -49.099998, 5.000000, 0.000000, 0.500000, 0.500000, 0.150000, 0, 
4.544023, 0.021776, 0, 1, 500.000000, 898.090393, 0.000000, -44.622307, 0.000000, -49.099998, 5.000000, 0.000000, 0.500000, 0.500000, 0.150000, 0, 
4.565405, 0.021383, 0, 1, 500.000000, 897.131714, 0.000000, -44.832287, 0.000000, -49.099998, 5.000000, 0.000000, 0.500000, 0.500000, 0.150000, 0, 
4.586054, 0.020649, 0, 1, 500.000000, 896.201782, 0.000000, -45.035061, 0.000000, -49.099998, 5.000000, 0.000000, 0.500000, 0.500000, 0.150000, 0, 
4.606676, 0.020622, 0, 1, 500.000000, 895.268921, 0.000000, -45.237568, 0.000000, -49.099998, 5.000000, 0.000000, 0.500000, 0.500000, 0.150000, 0, 
4.629878, 0.023202, 0, 1, 500.000000, 894.214050, 0.000000, -45.465412, 0.000000, -49.099998, 5.000000, 0.000000, 0.500000, 0.500000, 0.150000, 0, 
4.652301, 0.022423, 0, 1, 500.000000, 893.189636, 0.000000, -45.685604, 0.000000, -49.099998, 5.000000, 0.000000, 0.500000, 0.500000, 0.150000, 0, 
4.673492, 0.021191, 0, 1, 500.000000, 892.217102, 0.000000, -45.893700, 0.000000, -49.099998, 5.000000, 0.000000, 0.500000, 0.500000, 0.150000, 0, 
4.695723, 0.022231, 0, 1, 500.000000, 891.192017, 0.000000, -46.112007, 0.000000, -49.099998, 5.000000, 0.000000, 0.500000, 0.500000, 0.150000, 0, 
4.716115, 0.020392, 0, 1, 500.000000, 890.247620, 0.000000, -46.312256, 0.000000, -49.099998, 5.000000, 0.000000, 0.500000, 0.500000, 0.150000, 0, 
4.737045, 0.020930, 0, 1, 500.000000, 889.273987, 0.000000, -46.517788, 0.000000, -49.099998, 5.000000, 0.000000, 0.500000, 0.500000, 0.150000, 0, 
4.758488, 0.021443, 0, 1, 500.000000, 888.271973, 0.000000, -46.728359, 0.000000, -49.099998, 5.000000, 0.000000, 0.500000, 0.500000, 0.150000, 0, 
4.779852, 0.021364, 0, 1, 500.000000, 887.269165, 0.000000, -46.938152, 0.000000, -49.099998, 5.000000, 0.000000, 0.500000, 0.500000, 0.150000, 0, 
4.801167, 0.021315, 0, 1, 500.000000, 886.264221, 0.000000, -47.147465, 0.000000, -49.099998, 5.000000, 0.000000, 0.500000, 0.500000, 0.150000, 0, 
4.821716, 0.020549, 0, 1, 500.000000, 885.291260, 0.000000, -47.349255, 0.000000, -49.099998, 5.000000, 0.000000, 0.500000, 0.500000, 0.150000, 0, 
4.843367, 0.021651, 0, 1, 500.000000, 884.261475, 0.000000, -47.561867, 0.000000, -49.099998, 5.000000, 0.000000, 0.500000, 0.500000, 0.150000, 0, 
4.864624, 0.021257, 0, 1, 500.000000, 883.246033, 0.000000, -47.770611, 0.000000, -49.099998, 5.000000, 0.000000, 0.500000, 0.500000, 0.150000, 0, 
4.887267, 0.022643, 0, 1, 500.000000, 882.159302, 0.000000, -47.992966, 0.000000, -49.099998, 5.000000, 0.000000, 0.500000, 0.500000, 0.150000, 0, 
4.908689, 0.021422, 0, 1, 500.000000, 881.126709, 0.000000, -48.203331, 0.000000, -49.099998, 5.000000, 0.000000, 0.500000, 0.500000, 0.150000, 0, 
4.929986, 0.021298, 0, 1, 500.000000, 880.095642, 0.000000, -48.412476, 0.000000, -49.099998, 5.000000, 0.000000, 0.500000, 0.500000, 0.150000, 0, 
4.949973, 0.019986, 0, 1, 500.000000, 879.124146, 0.000000, -48.608738, 0.000000, -49.099998, 5.000000, 0.000000, 0.500000, 0.500000, 0.150000, 0, 
4.971443, 0.021470, 0, 1, 500.000000, 878.075989, 0.000000, -48.819572, 0.000000, -49.099998, 5.000000, 0.000000, 0.500000, 0.500000, 0.150000, 0, 
4.992679, 0.021236, 0, 1, 500.000000, 877.034851, 0.000000, -49.028111, 0.000000, -49.099998, 5.000000, 0.000000, 0.500000, 0.500000, 0.150000, 0, 
5.014044, 0.021365, 0, 1, 500.000000, 875.982910, 0.000000, -49.237915, 0.000000, -49.099998, 5.000000, 0.000000, 0.500000, 0.500000, 0.150000, 0, 
5.035281, 0.021237, 0, 1, 500.000000, 874.932800, 0.000000, -49.446461, 0.000000, -49.099998, 5.000000, 0.000000, 0.500000, 0.500000, 0.150000, 0, 
5.056073, 0.020792, 0, 1, 500.000000, 873.900452, 0.000000, -49.650639, 0.000000, -49.099998, 5.000000, 0.000000, 0.500000, 0.500000, 0.150000, 0, 
5.078390, 0.022317, 0, 1, 500.000000, 872.787537, 0.000000, -49.869793, 0.000000, -49.099998, 5.000000, 0.000000, 0.500000, 0.500000, 0.150000, 0, 
5.098866, 0.020476, 0, 1, 500.000000, 871.762268, 0.000000, -50.070866, 0.000000, -49.099998, 5.000000, 0.000000, 0.500000, 0.500000, 0.150000, 0, 
5.119947, 0.021082, 0, 1, 500.000000, 870.702332, 0.000000, -50.277889, 0.000000, -49.099998, 5.000000, 0.000000, 0.500000, 0.500000, 0.150000, 0, 
5.141128, 0.021180, 0, 1, 500.000000, 869.633057, 0.000000, -50.485878, 0.000000, -49.099998, 5.000000, 0.000000, 0.500000, 0.500000, 0.150000, 0, 
5.162560, 0.021432, 0, 1, 500.000000, 868.546509, 0.000000, -50.696339, 0.000000, -49.099998, 5.000000, 0.000000, 0.500000, 0.500000, 0.150000, 0, 
5.184070, 0.021510, 0, 1, 500.000000, 867.451477, 0.000000, -50.907566, 0.000000, -49.099998, 5.000000, 0.000000, 0.500000, 0.500000, 0.150000, 0, 
5.204618, 0.020548, 0, 1, 500.000000, 866.401306, 0.000000, -51.109348, 0.000000, -49.099998, 5.000000, 0.000000, 0.500000, 0.500000, 0.150000, 0, 
5.225296, 0.020678, 0, 1, 500.000000, 865.340271, 0.000000, -51.312405, 0.000000, -49.099998, 5.000000, 0.000000, 0.500000, 0.500000, 0.150000, 0, 
5.246744, 0.021448, 0, 1, 500.000000, 864.235229, 0.000000, -51.523026, 0.000000, -49.099998, 5.000000, 0.000000, 0.500000, 0.500000, 0.150000, 0, 
5.267329, 0.020585, 0, 1, 500.000000, 863.170471, 0.000000, -51.725170, 0.000000, -49.099998, 5.000000, 0.000000, 0.500000, 0.500000, 0.150000, 0, 
5.287733, 0.020404, 0, 1, 500.000000, 862.110962, 0.000000, -51.925537, 0.000000, -49.099998, 5.000000, 0.000000, 0.500000, 0.500000, 0.150000, 0, 
5.309329, 0.021596, 0, 1, 500.000000, 860.984985, 0.000000, -52.137611, 0.000000, -49.099998, 5.000000, 0.000000, 0.500000, 0.500000, 0.150000, 0, 
5.331110, 0.021782, 0, 1, 500.000000, 859.844666, 0.000000, -52.351509, 0.000000, -49.099998, 5.000000, 0.000000, 0.500000, 0.500000, 0.150000, 0, 
5.351761, 0.020651, 0, 1, 500.000000, 858.759338, 0.000000, -52.554302, 0.000000, -49.099998, 5.000000, 0.000000, 0.500000, 0.500000, 0.150000, 0, 
5.372360, 0.020599, 0, 1, 500.000000, 857.672607, 0.000000, -52.756584, 0.000000, -49.099998, 5.000000, 0.000000, 0.500000, 0.500000, 0.150000, 0, 
5.395436, 0.023076, 0, 1, 500.000000, 856.449951, 0.000000, -52.983189, 0.000000, -49.099998, 5.000000, 0.000000, 0.500000, 0.500000, 0.150000, 0, 
5.417595, 0.022159, 0, 1, 500.000000, 855.271057, 0.000000, -53.200790, 0.000000, -49.099998, 5.000000, 0.000000, 0.500000, 0.500000, 0.150000, 0, 
5.438391, 0.020796, 0, 1, 500.000000, 854.160461, 0.000000, -53.405006, 0.000000, -49.099998, 5.000000, 0.000000, 0.500000, 0.500000, 0.150000, 0, 
5.459030, 0.020639, 0, 1, 500.000000, 853.054077, 0.000000, -53.607681, 0.000000, -49.099998, 5.000000, 0.000000, 0.500000, 0.500000, 0.150000, 0, 
5.480351, 0.021321, 0, 1, 500.000000, 851.906616, 0.000000, -53.817055, 0.000000, -49.099998, 5.000000, 0.000000, 0.500000, 0.500000, 0.150000, 0, 
5.501626, 0.021275, 0, 1, 500.000000, 850.757202, 0.000000, -54.025974, 0.000000, -49.099998, 5.000000, 0.000000, 0.500000, 0.500000, 0.150000, 0, 
5.522300, 0.020674, 0, 1, 500.000000, 849.636047, 0.000000, -54.228992, 0.000000, -49.099998, 5.000000, 0.000000, 0.500000, 0.500000, 0.150000, 0, 
5.542993, 0.020693, 0, 1, 500.000000, 848.509705, 0.000000, -54.432198, 0.000000, -49.099998, 5.000000, 0.000000, 0.500000, 0.500000, 0.150000, 0, 
5.564166, 0.021173, 0, 1, 500.000000, 847.352783, 0.000000, -54.640118, 0.000000, -49.099998, 5.000000, 0.000000, 0.500000, 0.500000, 0.150000, 0, 
5.585073, 0.020907, 0, 1, 500.000000, 846.206116, 0.000000, -54.845425, 0.000000, -49.099998, 5.000000, 0.000000, 0.500000, 0.500000, 0.150000, 0, 
5.605977, 0.020904, 0, 1, 500.000000, 845.055359, 0.000000, -55.050701, 0.000000, -49.099998, 5.000000, 0.000000, 0.500000, 0.500000, 0.150000, 0, 
5.628349, 0.022372, 0, 1, 500.000000, 843.818848, 0.000000, -55.270393, 0.000000, -49.099998, 5.000000, 0.000000, 0.500000, 0.500000, 0.150000, 0, 
5.650014, 0.021665, 0, 1, 500.000000, 842.616821, 0.000000, -55.483143, 0.000000, -49.099998, 5.000000, 0.000000, 0.500000, 0.500000, 0.150000, 0, 
5.670870, 0.020856, 0, 1, 500.000000, 841.455383, 0.000000, -55.687950, 0.000000, -49.099998, 5.000000, 0.000000, 0.500000, 0.500000, 0.150000, 0, 
5.691568, 0.020698, 0, 1, 500.000000, 840.298523, 0.000000, -55.891205, 0.000000, -49.099998, 5.000000, 0.000000, 0.500000, 0.500000, 0.150000, 0, 
5.713282, 0.021714, 0, 1, 500.000000, 839.080261, 0.000000, -56.104435, 0.000000, -49.099998, 5.000000, 0.000000, 0.500000, 0.500000, 0.150000, 0, 
5.734814, 0.021532, 0, 1, 500.000000, 837.867676, 0.000000, -56.315880, 0.000000, -49.099998, 5.000000, 0.000000, 0.500000, 0.500000, 0.150000, 0, 
5.755358, 0.020544, 0, 1, 500.000000, 836.706604, 0.000000, -56.517620, 0.000000, -49.099998, 5.000000, 0.000000, 0.500000, 0.500000, 0.150000, 0, 
5.778684, 0.023326, 0, 1, 500.000000, 835.382935, 0.000000, -56.746681, 0.000000, -49.099998, 5.000000, 0.000000, 0.500000, 0.500000, 0.150000, 0, 
5.797204, 0.018520, 0, 1, 500.000000, 834.328613, 0.000000, -56.928547, 0.000000, -49.099998, 5.000000, 0.000000, 0.500000, 0.500000, 0.150000, 0, 
5.818616, 0.021412, 0, 1, 500.000000, 833.105164, 0.000000, -57.138813, 0.000000, -49.099998, 5.000000, 0.000000, 0.500000, 0.500000, 0.150000, 0, 
5.840397, 0.021781, 0, 1, 500.000000, 831.855957, 0.000000, -57.352703, 0.000000, -49.099998, 5.000000, 0.000000, 0.500000, 0.500000, 0.150000, 0, 
5.862386, 0.021989, 0, 1, 500.000000, 830.590088, 0.000000, -57.568634, 0.000000, -49.099998, 5.000000, 0.000000, 0.500000, 0.500000, 0.150000, 0, 
5.882977, 0.020591, 0, 1, 500.000000, 829.400513, 0.000000, -57.770836, 0.000000, -49.099998, 5.000000, 0.000000, 0.500000, 0.500000, 0.150000, 0, 
5.904057, 0.021080, 0, 1, 500.000000, 828.178345, 0.000000, -57.977840, 0.000000, -49.099998, 5.000000, 0.000000, 0.500000, 0.500000, 0.150000, 0, 
5.925131, 0.021075, 0, 1, 500.000000, 826.952087, 0.000000, -58.184795, 0.000000, -49.099998, 5.000000, 0.000000, 0.500000, 0.500000, 0.150000, 0, 
5.946754, 0.021623, 0, 1, 500.000000, 825.689392, 0.000000, -58.397133, 0.000000, -49.099998, 5.000000, 0.000000, 0.500000, 0.500000, 0.150000, 0, 
5.968513, 0.021759, 0, 1, 500.000000, 824.414063, 0.000000, -58.610806, 0.000000, -49.099998, 5.000000, 0.000000, 0.500000, 0.500000, 0.150000, 0, 
5.989643, 0.021129, 0, 1, 500.000000, 823.171265, 0.000000, -58.818291, 0.000000, -49.099998, 5.000000, 0.000000, 0.500000, 0.500000, 0.150000, 0, 
6.010229, 0.020586, 0, 1, 500.000000, 821.956299, 0.000000, -59.020447, 0.000000, -49.099998, 5.000000, 0.000000, 0.500000, 0.500000, 0.150000, 0, 
6.031225, 0.020996, 0, 1, 500.000000, 820.712769, 0.000000, -59.226627, 0.000000, -49.099998, 5.000000, 0.000000, 0.500000, 0.500000, 0.150000, 0, 
6.052480, 0.021255, 0, 1, 500.000000, 819.449463, 0.000000, -59.435352, 0.000000, -49.099998, 5.000000, 0.000000, 0.500000, 0.500000, 0.150000, 0, 
6.073251, 0.020771, 0, 1, 500.000000, 818.210693, 0.000000, -59.639324, 0.000000, -49.099998, 5.000000, 0.000000, 0.500000, 0.500000, 0.150000, 0, 
6.095594, 0.022343, 0, 1, 500.000000, 816.873291, 0.000000, -59.858734, 0.000000, -49.099998, 5.000000, 0.000000, 0.500000, 0.500000, 0.150000, 0, 
6.116394, 0.020800, 0, 1, 500.000000, 815.623962, 0.000000, -60.062988, 0.000000, -49.099998, 5.000000, 0.000000, 0.500000, 0.500000, 0.150000, 0, 
6.137285, 0.020891, 0, 1, 500.000000, 814.364929, 0.000000, -60.268139, 0.000000, -49.099998, 5.000000, 0.000000, 0.500000, 0.500000, 0.150000, 0, 
6.158379, 0.021094, 0, 1, 500.000000, 813.089233, 0.000000, -60.475281, 0.000000, -49.099998, 5.000000, 0.000000, 0.500000, 0.500000, 0.150000, 0, 
6.181108, 0.022729, 0, 1, 500.000000, 811.709595, 0.000000, -60.698479, 0.000000, -49.099998, 5.000000, 0.000000, 0.500000, 0.500000, 0.150000, 0, 
6.202057, 0.020949, 0, 1, 500.000000, 810.433716, 0.000000, -60.904198, 0.000000, -49.099998, 5.000000, 0.000000, 0.500000, 0.500000, 0.150000, 0, 
6.222532, 0.020475, 0, 1, 500.000000, 809.182556, 0.000000, -61.105263, 0.000000, -49.099998, 5.000000, 0.000000, 0.500000, 0.500000, 0.150000, 0, 
6.243313, 0.020781, 0, 1, 500.000000, 807.908508, 0.000000, -61.309334, 0.000000, -49.099998, 5.000000, 0.000000, 0.500000, 0.500000, 0.150000, 0, 
6.264415, 0.021102, 0, 1, 500.000000, 806.610413, 0.000000, -61.516556, 0.000000, -49.099998, 5.000000, 0.000000, 0.500000, 0.500000, 0.150000, 0, 
6.285701, 0.021286, 0, 1, 500.000000, 805.296509, 0.000000, -61.725586, 0.000000, -49.099998, 5.000000, 0.000000, 0.500000, 0.500000, 0.150000, 0, 
6.306720, 0.021019, 0, 1, 500.000000, 803.994751, 0.000000, -61.931992, 0.000000, -49.099998, 5.000000, 0.000000, 0.500000, 0.500000, 0.150000, 0, 
6.328572, 0.021852, 0, 1, 500.000000, 802.636719, 0.000000, -62.146580, 0.000000, -49.099998, 5.000000, 0.000000, 0.500000, 0.500000, 0.150000, 0, 
6.349307, 0.020735, 0, 1, 500.000000, 801.343872, 0.000000, -62.350197, 0.000000, -49.099998, 5.000000, 0.000000, 0.500000, 0.500000, 0.150000, 0, 
6.370035, 0.020728, 0, 1, 500.000000, 800.047241, 0.000000, -62.553745, 0.000000, -49.099998, 5.000000, 0.000000, 0.500000, 0.500000, 0.150000, 0, 
6.391253, 0.021219, 0, 1, 500.000000, 798.715515, 0.000000, -62.762115, 0.000000, -49.099998, 5.000000, 0.000000, 0.500000, 0.500000, 0.150000, 0, 
6.412635, 0.021382, 0, 1, 500.000000, 797.369019, 0.000000, -62.972088, 0.000000, -49.099998, 5.000000, 0.000000, 0.500000, 0.500000, 0.150000, 0, 
6.433717, 0.021082, 0, 1, 500.000000, 796.037048, 0.000000, -63.179111, 0.000000, -49.099998, 5.000000, 0.000000, 0.500000, 0.500000, 0.150000, 0, 
6.454331, 0.020614, 0, 1, 500.000000, 794.730530, 0.000000, -63.381542, 0.000000, -49.099998, 5.000000, 0.000000, 0.500000, 0.500000, 0.150000, 0, 
6.475048, 0.020716, 0, 1, 500.000000, 793.413330, 0.000000, -63.584972, 0.000000, -49.099998, 5.000000, 0.000000, 0.500000, 0.500000, 0.150000, 0, 
6.497371, 0.022323, 0, 1, 500.000000, 791.989014, 0.000000, -63.804184, 0.000000, -49.099998, 5.000000, 0.000000, 0.500000, 0.500000, 0.150000, 0, 
6.518691, 0.021320, 0, 1, 500.000000, 790.624268, 0.000000, -64.013550, 0.000000, -49.099998, 5.000000, 0.000000, 0.500000, 0.500000, 0.150000, 0, 
6.539345, 0.020654, 0, 1, 500.000000, 789.297913, 0.000000, -64.216370, 0.000000, -49.099998, 5.000000, 0.000000, 0.500000, 0.500000, 0.150000, 0, 
6.561947, 0.022602, 0, 1, 500.000000, 787.841492, 0.000000, -64.438324, 0.000000, -49.099998, 5.000000, 0.000000, 0.500000, 0.500000, 0.150000, 0, 
6.582520, 0.020573, 0, 1, 500.000000, 786.511658, 0.000000, -64.640350, 0.000000, -49.099998, 5.000000, 0.000000, 0.500000, 0.500000, 0.150000, 0, 
6.603665, 0.021145, 0, 1, 500.000000, 785.140442, 0.000000, -64.847992, 0.000000, -49.099998, 5.000000, 0.000000, 0.500000, 0.500000, 0.150000, 0, 
6.624919, 0.021254, 0, 1, 500.000000, 783.757751, 0.000000, -65.056709, 0.000000, -49.099998, 5.000000, 0.000000, 0.500000, 0.500000, 0.150000, 0, 
6.647722, 0.022803, 0, 1, 500.000000, 782.269165, 0.000000, -65.280632, 0.000000, -49.099998, 5.000000, 0.000000, 0.500000, 0.500000, 0.150000, 0, 
6.671960, 0.024238, 0, 1, 500.000000, 780.681152, 0.000000, -65.518646, 0.000000, -49.099998, 5.000000, 0.000000, 0.500000, 0.500000, 0.150000, 0, 
6.689866, 0.017906, 0, 1, 500.000000, 779.504822, 0.000000, -65.694481, 0.000000, -49.099998, 5.000000, 0.000000, 0.500000, 0.500000, 0.150000, 0, 
6.711855, 0.021989, 0, 1, 500.000000, 778.055542, 0.000000, -65.910416, 0.000000, -49.099998, 5.000000, 0.000000, 0.500000, 0.500000, 0.150000, 0, 
6.733702, 0.021847, 0, 1, 500.000000, 776.610901, 0.000000, -66.124954, 0.000000, -49.099998, 5.000000, 0.000000, 0.500000, 0.500000, 0.150000, 0, 
6.754447, 0.020745, 0, 1, 500.000000, 775.234924, 0.000000, -66.328667, 0.000000, -49.099998, 5.000000, 0.000000, 0.500000, 0.500000, 0.150000, 0, 
6.775297, 0.020850, 0, 1, 500.000000, 773.847717, 0.000000, -66.533417, 0.000000, -49.099998, 5.000000, 0.000000, 0.500000, 0.500000, 0.150000, 0, 
6.797297, 0.022000, 0, 1, 500.000000, 772.379211, 0.000000, -66.749458, 0.000000, -49.099998, 5.000000, 0.000000, 0.500000, 0.500000, 0.150000, 0, 
6.818583, 0.021287, 0, 1, 500.000000, 770.953857, 0.000000, -66.958496, 0.000000, -49.099998, 5.000000, 0.000000, 0.500000, 0.500000, 0.150000, 0, 
6.840285, 0.021702, 0, 1, 500.000000, 769.496094, 0.000000, -67.171608, 0.000000, -49.099998, 5.000000, 0.000000, 0.500000, 0.500000, 0.150000, 0, 
6.861908, 0.021623, 0, 1, 500.000000, 768.039063, 0.000000, -67.383949, 0.000000, -49.099998, 5.000000, 0.000000, 0.500000, 0.500000, 0.150000, 0, 
6.884113, 0.022205, 0, 1, 500.000000, 766.537964, 0.000000, -67.602005, 0.000000, -49.099998, 5.000000, 0.000000, 0.500000, 0.500000, 0.150000, 0, 
6.904541, 0.020428, 0, 1, 500.000000, 765.152893, 0.000000, -67.802605, 0.000000, -49.099998, 5.000000, 0.000000, 0.500000, 0.500000, 0.150000, 0, 
6.925251, 0.020709, 0, 1, 500.000000, 763.744568, 0.000000, -68.005966, 0.000000, -49.099998, 5.000000, 0.000000, 0.500000, 0.500000, 0.150000, 0, 
6.947531, 0.022280, 0, 1, 500.000000, 762.224548, 0.000000, -68.224754, 0.000000, -49.099998, 5.000000, 0.000000, 0.500000, 0.500000, 0.150000, 0, 
6.968670, 0.021139, 0, 1, 500.000000, 760.777954, 0.000000, -68.432343, 0.000000, -49.099998, 5.000000, 0.000000, 0.500000, 0.500000, 0.150000, 0, 
6.989200, 0.020530, 0, 1, 500.000000, 759.368896, 0.000000, -68.633949, 0.000000, -49.099998, 5.000000, 0.000000, 0.500000, 0.500000, 0.150000, 0, 
7.010107, 0.020907, 0, 1, 500.000000, 757.929688, 0.000000, -68.839256, 0.000000, -49.099998, 5.000000, 0.000000, 0.500000, 0.500000, 0.150000, 0, 
7.031203, 0.021096, 0, 1, 500.000000, 756.473083, 0.000000, -69.046417, 0.000000, -49.099998, 5.000000, 0.000000, 0.500000, 0.500000, 0.150000, 0, 
7.053153, 0.021950, 0, 1, 500.000000, 754.952759, 0.000000, -69.261963, 0.000000, -49.099998, 5.000000, 0.000000, 0.500000, 0.500000, 0.150000, 0, 
7.073938, 0.020785, 0, 1, 500.000000, 753.508911, 0.000000, -69.466072, 0.000000, -49.099998, 5.000000, 0.000000, 0.500000, 0.500000, 0.150000, 0, 
7.095730, 0.021792, 0, 1, 500.000000, 751.990417, 0.000000, -69.680069, 0.000000, -49.099998, 5.000000, 0.000000, 0.500000, 0.500000, 0.150000, 0, 
7.116383, 0.020653, 0, 1, 500.000000, 750.547119, 0.000000, -69.882881, 0.000000, -49.099998, 5.000000, 0.000000, 0.500000, 0.500000, 0.150000, 0, 
7.137589, 0.021207, 0, 1, 500.000000, 749.060669, 0.000000, -70.091133, 0.000000, -49.099998, 5.000000, 0.000000, 0.500000, 0.500000, 0.150000, 0, 
7.159045, 0.021456, 0, 1, 500.000000, 747.552246, 0.000000, -70.301834, 0.000000, -49.099998, 5.000000, 0.000000, 0.500000, 0.500000, 0.150000, 0, 
7.181155, 0.022110, 0, 1, 500.000000, 745.993042, 0.000000, -70.518951, 0.000000, -49.099998, 5.000000, 0.000000, 0.500000, 0.500000, 0.150000, 0, 
7.203058, 0.021903, 0, 1, 500.000000, 744.443726, 0.000000, -70.734039, 0.000000, -49.099998, 5.000000, 0.000000, 0.500000, 0.500000, 0.150000, 0, 
7.223365, 0.020307, 0, 1, 500.000000, 743.003296, 0.000000, -70.933456, 0.000000, -49.099998, 5.000000, 0.000000, 0.500000, 0.500000, 0.150000, 0, 
7.245284, 0.021919, 0, 1, 500.000000, 741.443787, 0.000000, -71.148705, 0.000000, -49.099998, 5.000000, 0.000000, 0.500000, 0.500000, 0.150000, 0, 
7.266640, 0.021356, 0, 1, 500.000000, 739.919861, 0.000000, -71.358421, 0.000000, -49.099998, 5.000000, 0.000000, 0.500000, 0.500000, 0.150000, 0, 
7.287296, 0.020656, 0, 1, 500.000000, 738.441711, 0.000000, -71.561264, 0.000000, -49.099998, 5.000000, 0.000000, 0.500000, 0.500000, 0.150000, 0, 
7.308257, 0.020961, 0, 1, 500.000000, 736.937378, 0.000000, -71.767097, 0.000000, -49.099998, 5.000000, 0.000000, 0.500000, 0.500000, 0.150000, 0, 
7.329694, 0.021437, 0, 1, 500.000000, 735.394409, 0.000000, -71.977608, 0.000000, -49.099998, 5.000000, 0.000000, 0.500000, 0.500000, 0.150000, 0, 
7.350176, 0.020482, 0, 1, 500.000000, 733.916016, 0.000000, -72.178741, 0.000000, -49.099998, 5.000000, 0.000000, 0.500000, 0.500000, 0.150000, 0, 
7.371871, 0.021695, 0, 1, 500.000000, 732.345459, 0.000000, -72.391785, 0.000000, -49.099998, 5.000000, 0.000000, 0.500000, 0.500000, 0.150000, 0, 
7.392420, 0.020549, 0, 1, 500.000000, 730.853760, 0.000000, -72.593575, 0.000000, -49.099998, 5.000000, 0.000000, 0.500000, 0.500000, 0.150000, 0, 
7.413865, 0.021445, 0, 1, 500.000000, 729.292480, 0.000000, -72.804161, 0.000000, -49.099998, 5.000000, 0.000000, 0.500000, 0.500000, 0.150000, 0, 
7.435401, 0.021536, 0, 1, 500.000000, 727.720032, 0.000000, -73.015648, 0.000000, -49.099998, 5.000000, 0.000000, 0.500000, 0.500000, 0.150000, 0, 
7.455945, 0.020544, 0, 1, 500.000000, 726.215881, 0.000000, -73.217392, 0.000000, -49.099998, 5.000000, 0.000000, 0.500000, 0.500000, 0.150000, 0, 
7.477259, 0.021314, 0, 1, 500.000000, 724.650879, 0.000000, -73.426697, 0.000000, -49.099998, 5.000000, 0.000000, 0.500000, 0.500000, 0.150000, 0, 
7.498718, 0.021459, 0, 1, 500.000000, 723.070679, 0.000000, -73.637421, 0.000000, -49.099998, 5.000000, 0.000000, 0.500000, 0.500000, 0.150000, 0, 
7.519656, 0.020938, 0, 1, 500.000000, 721.524536, 0.000000, -73.843033, 0.000000, -49.099998, 5.000000, 0.000000, 0.500000, 0.500000, 0.150000, 0, 
7.540021, 0.020365, 0, 1, 500.000000, 720.016663, 0.000000, -74.043015, 0.000000, -49.099998, 5.000000, 0.000000, 0.500000, 0.500000, 0.150000, 0, 
7.559507, 0.019486, 0, 1, 500.000000, 718.570129, 0.000000, -74.234367, 0.000000, -49.099998, 5.000000, 0.000000, 0.500000, 0.500000, 0.150000, 0, 
7.578875, 0.019368, 0, 1, 500.000000, 717.128662, 0.000000, -74.424561, 0.000000, -49.099998, 5.000000, 0.000000, 0.500000, 0.500000, 0.150000, 0, 
7.600150, 0.021275, 0, 1, 500.000000, 715.540833, 0.000000, -74.633484, 0.000000, -49.099998, 5.000000, 0.000000, 0.500000, 0.500000, 0.150000, 0, 
7.620960, 0.020810, 0, 1, 500.000000, 713.983459, 0.000000, -74.837837, 0.000000, -49.099998, 5.000000, 0.000000, 0.500000, 0.500000, 0.150000, 0, 
7.641765, 0.020805, 0, 1, 500.000000, 712.422180, 0.000000, -75.042145, 0.000000, -49.099998, 5.000000, 0.000000, 0.500000, 0.500000, 0.150000, 0, 
7.663893, 0.022128, 0, 1, 500.000000, 710.756836, 0.000000, -75.259445, 0.000000, -49.099998, 5.000000, 0.000000, 0.500000, 0.500000, 0.150000, 0, 
7.686425, 0.022532, 0, 1, 500.000000, 709.056091, 0.000000, -75.480713, 0.000000, -49.099998, 5.000000, 0.000000, 0.500000, 0.500000, 0.150000, 0, 
7.709121, 0.022696, 0, 1, 500.000000, 707.337952, 0.000000, -75.703590, 0.000000, -49.099998, 5.000000, 0.000000, 0.500000, 0.500000, 0.150000, 0, 
7.730599, 0.021478, 0, 1, 500.000000, 705.707458, 0.000000, -75.914505, 0.000000, -49.099998, 5.000000, 0.000000, 0.500000, 0.500000, 0.150000, 0, 
7.751851, 0.021251, 0, 1, 500.000000, 704.089783, 0.000000, -76.123192, 0.000000, -49.099998, 5.000000, 0.000000, 0.500000, 0.500000, 0.150000, 0, 
7.772475, 0.020624, 0, 1, 500.000000, 702.515625, 0.000000, -76.325722, 0.000000, -49.099998, 5.000000, 0.000000, 0.500000, 0.500000, 0.150000, 0, 
7.793245, 0.020770, 0, 1, 500.000000, 700.926086, 0.000000, -76.529686, 0.000000, -49.099998, 5.000000, 0.000000, 0.500000, 0.500000, 0.150000, 0, 
7.815021, 0.021776, 0, 1, 500.000000, 699.254944, 0.000000, -76.743523, 0.000000, -49.099998, 5.000000, 0.000000, 0.500000, 0.500000, 0.150000, 0, 
7.835927, 0.020906, 0, 1, 500.000000, 697.646240, 0.000000, -76.948822, 0.000000, -49.099998, 5.000000, 0.000000, 0.500000, 0.500000, 0.150000, 0, 
7.856557, 0.020630, 0, 1, 500.000000, 696.054626, 0.000000, -77.151405, 0.000000, -49.099998, 5.000000, 0.000000, 0.500000, 0.500000, 0.150000, 0, 
7.878304, 0.021747, 0, 1, 500.000000, 694.372192, 0.000000, -77.364960, 0.000000, -49.099998, 5.000000, 0.000000, 0.500000, 0.500000, 0.150000, 0, 
7.899253, 0.020949, 0, 1, 500.000000, 692.747192, 0.000000, -77.570679, 0.000000, -49.099998, 5.000000, 0.000000, 0.500000, 0.500000, 0.150000, 0, 
7.921134, 0.021881, 0, 1, 500.000000, 691.045166, 0.000000, -77.785553, 0.000000, -49.099998, 5.000000, 0.000000, 0.500000, 0.500000, 0.150000, 0, 
7.942078, 0.020944, 0, 1, 500.000000, 689.411743, 0.000000, -77.991226, 0.000000, -49.099998, 5.000000, 0.000000, 0.500000, 0.500000, 0.150000, 0, 
7.963931, 0.021853, 0, 1, 500.000000, 687.702698, 0.000000, -78.205826, 0.000000, -49.099998, 5.000000, 0.000000, 0.500000, 0.500000, 0.150000, 0, 
7.985442, 0.021511, 0, 1, 500.000000, 686.015869, 0.000000, -78.417061, 0.000000, -49.099998, 5.000000, 0.000000, 0.500000, 0.500000, 0.150000, 0, 
8.006013, 0.020571, 0, 1, 500.000000, 684.398621, 0.000000, -78.619064, 0.000000, -49.099998, 5.000000, 0.000000, 0.500000, 0.500000, 0.150000, 0, 
8.027359, 0.021346, 0, 1, 500.000000, 682.715942, 0.000000, -78.828682, 0.000000, -49.099998, 5.000000, 0.000000, 0.500000, 0.500000, 0.150000, 0, 
8.048685, 0.021326, 0, 1, 500.000000, 681.030396, 0.000000, -79.038101, 0.000000, -49.099998, 5.000000, 0.000000, 0.500000, 0.500000, 0.150000, 0, 
8.069187, 0.020502, 0, 1, 500.000000, 679.405823, 0.000000, -79.239433, 0.000000, -49.099998, 5.000000, 0.000000, 0.500000, 0.500000, 0.150000, 0, 
8.089913, 0.020726, 0, 1, 500.000000, 677.759277, 0.000000, -79.442963, 0.000000, -49.099998, 5.000000, 0.000000, 0.500000, 0.500000, 0.150000, 0, 
8.110817, 0.020904, 0, 1, 500.000000, 676.094299, 0.000000, -79.648239, 0.000000, -49.099998, 5.000000, 0.000000, 0.500000, 0.500000, 0.150000, 0, 
8.132543, 0.021726, 0, 1, 500.000000, 674.359253, 0.000000, -79.861588, 0.000000, -49.099998, 5.000000, 0.000000, 0.500000, 0.500000, 0.150000, 0, 
8.154178, 0.021635, 0, 1, 500.000000, 672.626831, 0.000000, -80.074043, 0.000000, -49.099998, 5.000000, 0.000000, 0.500000, 0.500000, 0.150000, 0, 
8.175090, 0.020912, 0, 1, 500.000000, 670.947998, 0.000000, -80.279396, 0.000000, -49.099998, 5.000000, 0.000000, 0.500000, 0.500000, 0.150000, 0, 
8.196481, 0.021391, 0, 1, 500.000000, 669.226257, 0.000000, -80.489456, 0.000000, -49.099998, 5.000000, 0.000000, 0.500000, 0.500000, 0.150000, 0, 
8.217354, 0.020873, 0, 1, 500.000000, 667.541931, 0.000000, -80.694427, 0.000000, -49.099998, 5.000000, 0.000000, 0.500000, 0.500000, 0.150000, 0, 
8.237918, 0.020564, 0, 1, 500.000000, 665.878357, 0.000000, -80.896362, 0.000000, -49.099998, 5.000000, 0.000000, 0.500000, 0.500000, 0.150000, 0, 
8.259369, 0.021451, 0, 1, 500.000000, 664.138550, 0.000000, -81.107010, 0.000000, -49.099998, 5.000000, 0.000000, 0.500000, 0.500000, 0.150000, 0, 
8.281055, 0.021687, 0, 1, 500.000000, 662.374939, 0.000000, -81.319977, 0.000000, -49.099998, 5.000000, 0.000000, 0.500000, 0.500000, 0.150000, 0, 
8.302260, 0.021205, 0, 1, 500.000000, 660.646118, 0.000000, -81.528214, 0.000000, -49.099998, 5.000000, 0.000000, 0.500000, 0.500000, 0.150000, 0, 
8.322833, 0.020573, 0, 1, 500.000000, 658.964661, 0.000000, -81.730240, 0.000000, -49.099998, 5.000000, 0.000000, 0.500000, 0.500000, 0.150000, 0, 
8.343528, 0.020695, 0, 1, 500.000000, 657.269043, 0.000000, -81.933464, 0.000000, -49.099998, 5.000000, 0.000000, 0.500000, 0.500000, 0.150000, 0, 
8.365686, 0.022159, 0, 1, 500.000000, 655.448669, 0.000000, -82.151062, 0.000000, -49.099998, 5.000000, 0.000000, 0.500000, 0.500000, 0.150000, 0, 
8.386247, 0.020560, 0, 1, 500.000000, 653.755493, 0.000000, -82.352959, 0.000000, -49.099998, 5.000000, 0.000000, 0.500000, 0.500000, 0.150000, 0, 
8.406928, 0.020681, 0, 1, 500.000000, 652.048157, 0.000000, -82.556046, 0.000000, -49.099998, 5.000000, 0.000000, 0.500000, 0.500000, 0.150000, 0, 
8.429000, 0.022072, 0, 1, 500.000000, 650.221191, 0.000000, -82.772789, 0.000000, -49.099998, 5.000000, 0.000000, 0.500000, 0.500000, 0.150000, 0, 
8.450136, 0.021136, 0, 1, 500.000000, 648.467346, 0.000000, -82.980347, 0.000000, -49.099998, 5.000000, 0.000000, 0.500000, 0.500000, 0.150000, 0, 
8.473214, 0.023078, 0, 1, 500.000000, 646.547119, 0.000000, -83.206970, 0.000000, -49.099998, 5.000000, 0.000000, 0.500000, 0.500000, 0.150000, 0, 
8.495564, 0.022350, 0, 1, 500.000000, 644.682556, 0.000000, -83.426445, 0.000000, -49.099998, 5.000000, 0.000000, 0.500000, 0.500000, 0.150000, 0, 
8.516365, 0.020801, 0, 1, 500.000000, 642.942932, 0.000000, -83.630714, 0.000000, -49.099998, 5.000000, 0.000000, 0.500000, 0.500000, 0.150000, 0, 
8.536992, 0.020627, 0, 1, 500.000000, 641.213684, 0.000000, -83.833275, 0.000000, -49.099998, 5.000000, 0.000000, 0.500000, 0.500000, 0.150000, 0, 
8.558223, 0.021231, 0, 1, 500.000000, 639.429382, 0.000000, -84.041763, 0.000000, -49.099998, 5.000000, 0.000000, 0.500000, 0.500000, 0.150000, 0, 
8.579923, 0.021700, 0, 1, 500.000000, 637.601074, 0.000000, -84.254860, 0.000000, -49.099998, 5.000000, 0.000000, 0.500000, 0.500000, 0.150000, 0, 
8.600308, 0.020386, 0, 1, 500.000000, 635.879395, 0.000000, -84.455048, 0.000000, -49.099998, 5.000000, 0.000000, 0.500000, 0.500000, 0.150000, 0, 
8.620715, 0.020407, 0, 1, 500.000000, 634.151855, 0.000000, -84.655441, 0.000000, -49.099998, 5.000000, 0.000000, 0.500000, 0.500000, 0.150000, 0, 
8.641714, 0.020999, 0, 1, 500.000000, 632.369873, 0.000000, -84.861649, 0.000000, -49.099998, 5.000000, 0.000000, 0.500000, 0.500000, 0.150000, 0, 
8.663899, 0.022185, 0, 1, 500.000000, 630.482361, 0.000000, -85.079506, 0.000000, -49.099998, 5.000000, 0.000000, 0.500000, 0.500000, 0.150000, 0, 
8.686224, 0.022325, 0, 1, 500.000000, 628.578064, 0.000000, -85.298737, 0.000000, -49.099998, 5.000000, 0.000000, 0.500000, 0.500000, 0.150000, 0, 
8.706624, 0.020400, 0, 1, 500.000000, 626.833862, 0.000000, -85.499062, 0.000000, -49.099998, 5.000000, 0.000000, 0.500000, 0.500000, 0.150000, 0, 
8.727753, 0.021129, 0, 1, 500.000000, 625.022949, 0.000000, -85.706551, 0.000000, -49.099998, 5.000000, 0.000000, 0.500000, 0.500000, 0.150000, 0, 
8.748375, 0.020622, 0, 1, 500.000000, 623.251343, 0.000000, -85.909058, 0.000000, -49.099998, 5.000000, 0.000000, 0.500000, 0.500000, 0.150000, 0, 
8.768922, 0.020547, 0, 1, 500.000000, 621.481995, 0.000000, -86.110832, 0.000000, -49.099998, 5.000000, 0.000000, 0.500000, 0.500000, 0.150000, 0, 
8.789917, 0.020995, 0, 1, 500.000000, 619.669739, 0.000000, -86.317001, 0.000000, -49.099998, 5.000000, 0.000000, 0.500000, 0.500000, 0.150000, 0, 
8.812239, 0.022322, 0, 1, 500.000000, 617.738098, 0.000000, -86.536201, 0.000000, -49.099998, 5.000000, 0.000000, 0.500000, 0.500000, 0.150000, 0, 
8.833125, 0.020886, 0, 1, 500.000000, 615.926392, 0.000000, -86.741302, 0.000000, -49.099998, 5.000000, 0.000000, 0.500000, 0.500000, 0.150000, 0, 
8.854322, 0.021197, 0, 1, 500.000000, 614.083313, 0.000000, -86.949455, 0.000000, -49.099998, 5.000000, 0.000000, 0.500000, 0.500000, 0.150000, 0, 
8.875278, 0.020956, 0, 1, 500.000000, 612.256897, 0.000000, -87.155243, 0.000000, -49.099998, 5.000000, 0.000000, 0.500000, 0.500000, 0.150000, 0, 
8.896882, 0.021604, 0, 1, 500.000000, 610.369385, 0.000000, -87.367393, 0.000000, -49.099998, 5.000000, 0.000000, 0.500000, 0.500000, 0.150000, 0, 
8.918954, 0.022072, 0, 1, 500.000000, 608.436218, 0.000000, -87.584137, 0.000000, -49.099998, 5.000000, 0.000000, 0.500000, 0.500000, 0.150000, 0, 
8.940009, 0.021055, 0, 1, 500.000000, 606.587769, 0.000000, -87.790894, 0.000000, -49.099998, 5.000000, 0.000000, 0.500000, 0.500000, 0.150000, 0, 
8.962023, 0.022014, 0, 1, 500.000000, 604.650391, 0.000000, -88.007072, 0.000000, -49.099998, 5.000000, 0.000000, 0.500000, 0.500000, 0.150000, 0, 
8.982435, 0.020412, 0, 1, 500.000000, 602.849915, 0.000000, -88.207520, 0.000000, -49.099998, 5.000000, 0.000000, 0.500000, 0.500000, 0.150000, 0, 
9.005466, 0.023031, 0, 1, 500.000000, 600.813171, 0.000000, -88.433685, 0.000000, -49.099998, 5.000000, 0.000000, 0.500000, 0.500000, 0.150000, 0, 
9.026649, 0.021183, 0, 1, 500.000000, 598.935486, 0.000000, -88.641701, 0.000000, -49.099998, 5.000000, 0.000000, 0.500000, 0.500000, 0.150000, 0, 
9.048464, 0.021814, 0, 1, 500.000000, 596.997192, 0.000000, -88.855911, 0.000000, -49.099998, 5.000000, 0.000000, 0.500000, 0.500000, 0.150000, 0, 
9.069193, 0.020729, 0, 1, 500.000000, 595.151062, 0.000000, -89.059471, 0.000000, -49.099998, 5.000000, 0.000000, 0.500000, 0.500000, 0.150000, 0, 
9.089630, 0.020437, 0, 1, 500.000000, 593.326843, 0.000000, -89.260162, 0.000000, -49.099998, 5.000000, 0.000000, 0.500000, 0.500000, 0.150000, 0, 
9.110393, 0.020762, 0, 1, 500.000000, 591.469360, 0.000000, -89.464043, 0.000000, -49.099998, 5.000000, 0.000000, 0.500000, 0.500000, 0.150000, 0, 
9.132566, 0.022174, 0, 1, 500.000000, 589.480774, 0.000000, -89.681793, 0.000000, -49.099998, 5.000000, 0.000000, 0.500000, 0.500000, 0.150000, 0, 
9.153911, 0.021344, 0, 1, 500.000000, 587.562134, 0.000000, -89.891388, 0.000000, -49.099998, 5.000000, 0.000000, 0.500000, 0.500000, 0.150000, 0, 
9.175095, 0.021184, 0, 1, 500.000000, 585.653442, 0.000000, -90.099411, 0.000000, -49.099998, 5.000000, 0.000000, 0.500000, 0.500000, 0.150000, 0, 
9.196602, 0.021507, 0, 1, 500.000000, 583.711121, 0.000000, -90.310608, 0.000000, -49.099998, 5.000000, 0.000000, 0.500000, 0.500000, 0.150000, 0, 
9.216934, 0.020332, 0, 1, 500.000000, 581.870850, 0.000000, -90.510269, 0.000000, -49.099998, 5.000000, 0.000000, 0.500000, 0.500000, 0.150000, 0, 
9.237808, 0.020874, 0, 1, 500.000000, 579.977234, 0.000000, -90.715248, 0.000000, -49.099998, 5.000000, 0.000000, 0.500000, 0.500000, 0.150000, 0, 
9.258764, 0.020956, 0, 1, 500.000000, 578.071899, 0.000000, -90.921036, 0.000000, -49.099998, 5.000000, 0.000000, 0.500000, 0.500000, 0.150000, 0, 
9.279919, 0.021154, 0, 1, 500.000000, 576.144165, 0.000000, -91.128769, 0.000000, -49.099998, 5.000000, 0.000000, 0.500000, 0.500000, 0.150000, 0, 
9.300756, 0.020838, 0, 1, 500.000000, 574.240967, 0.000000, -91.333397, 0.000000, -49.099998, 5.000000, 0.000000, 0.500000, 0.500000, 0.150000, 0, 
9.321357, 0.020600, 0, 1, 500.000000, 572.355347, 0.000000, -91.535690, 0.000000, -49.099998, 5.000000, 0.000000, 0.500000, 0.500000, 0.150000, 0, 
9.342873, 0.021516, 0, 1, 500.000000, 570.381348, 0.000000, -91.746979, 0.000000, -49.099998, 5.000000, 0.000000, 0.500000, 0.500000, 0.150000, 0, 
9.362116, 0.019243, 0, 1, 500.000000, 568.612244, 0.000000, -91.935944, 0.000000, -49.099998, 5.000000, 0.000000, 0.500000, 0.500000, 0.150000, 0, 
9.384291, 0.022175, 0, 1, 500.000000, 566.568726, 0.000000, -92.153702, 0.000000, -49.099998, 5.000000, 0.000000, 0.500000, 0.500000, 0.150000, 0, 
9.405292, 0.021001, 0, 1, 500.000000, 564.629089, 0.000000, -92.359932, 0.000000, -49.099998, 5.000000, 0.000000, 0.500000, 0.500000, 0.150000, 0, 
9.426201, 0.020909, 0, 1, 500.000000, 562.693665, 0.000000, -92.565262, 0.000000, -49.099998, 5.000000, 0.000000, 0.500000, 0.500000, 0.150000, 0, 
9.449295, 0.023094, 0, 1, 500.000000, 560.550720, 0.000000, -92.792046, 0.000000, -49.099998, 5.000000, 0.000000, 0.500000, 0.500000, 0.150000, 0, 
9.470163, 0.020868, 0, 1, 500.000000, 558.610046, 0.000000, -92.996971, 0.000000, -49.099998, 5.000000, 0.000000, 0.500000, 0.500000, 0.150000, 0, 
9.490766, 0.020602, 0, 1, 500.000000, 556.689941, 0.000000, -93.199280, 0.000000, -49.099998, 5.000000, 0.000000, 0.500000, 0.500000, 0.150000, 0, 
9.512275, 0.021509, 0, 1, 500.000000, 554.680786, 0.000000, -93.410500, 0.000000, -49.099998, 5.000000, 0.000000, 0.500000, 0.500000, 0.150000, 0, 
9.532903, 0.020628, 0, 1, 500.000000, 552.749756, 0.000000, -93.613068, 0.000000, -49.099998, 5.000000, 0.000000, 0.500000, 0.500000, 0.150000, 0, 
9.554140, 0.021237, 0, 1, 500.000000, 550.757263, 0.000000, -93.821617, 0.000000, -49.099998, 5.000000, 0.000000, 0.500000, 0.500000, 0.150000, 0, 
9.575423, 0.021283, 0, 1, 500.000000, 548.755981, 0.000000, -94.030617, 0.000000, -49.099998, 5.000000, 0.000000, 0.500000, 0.500000, 0.150000, 0, 
9.597018, 0.021595, 0, 1, 500.000000, 546.720825, 0.000000, -94.242683, 0.000000, -49.099998, 5.000000, 0.000000, 0.500000, 0.500000, 0.150000, 0, 
9.617558, 0.020539, 0, 1, 500.000000, 544.781006, 0.000000, -94.444374, 0.000000, -49.099998, 5.000000, 0.000000, 0.500000, 0.500000, 0.150000, 0, 
9.680065, 0.062508, 0, 1, 500.000000, 538.839111, 0.000000, -95.058205, 0.000000, -49.099998, 5.000000, 0.000000, 0.500000, 0.500000, 0.150000, 0, 
9.699107, 0.019042, 0, 1, 500.000000, 537.025452, 0.000000, -95.245193, 0.000000, -49.099998, 5.000000, 0.000000, 0.500000, 0.500000, 0.150000, 0, 
9.722178, 0.023071, 0, 1, 500.000000, 534.822815, 0.000000, -95.471748, 0.000000, -49.099998, 5.000000, 0.000000, 0.500000, 0.500000, 0.150000, 0, 
9.745958, 0.023780, 0, 1, 500.000000, 532.546936, 0.000000, -95.705269, 0.000000, -49.099998, 5.000000, 0.000000, 0.500000, 0.500000, 0.150000, 0, 
9.766427, 0.020469, 0, 1, 500.000000, 530.583801, 0.000000, -95.906273, 0.000000, -49.099998, 5.000000, 0.000000, 0.500000, 0.500000, 0.150000, 0, 
9.787698, 0.021271, 0, 1, 500.000000, 528.539307, 0.000000, -96.115150, 0.000000, -49.099998, 5.000000, 0.000000, 0.500000, 0.500000, 0.150000, 0, 
9.809046, 0.021348, 0, 1, 500.000000, 526.482971, 0.000000, -96.324791, 0.000000, -49.099998, 5.000000, 0.000000, 0.500000, 0.500000, 0.150000, 0, 
9.830775, 0.021729, 0, 1, 500.000000, 524.385315, 0.000000, -96.538170, 0.000000, -49.099998, 5.000000, 0.000000, 0.500000, 0.500000, 0.150000, 0, 
9.852185, 0.021410, 0, 1, 500.000000, 522.313904, 0.000000, -96.748413, 0.000000, -49.099998, 5.000000, 0.000000, 0.500000, 0.500000, 0.150000, 0, 
9.873370, 0.021185, 0, 1, 500.000000, 520.259888, 0.000000, -96.956451, 0.000000, -49.099998, 5.000000, 0.000000, 0.500000, 0.500000, 0.150000, 0, 
9.898606, 0.025236, 0, 1, 500.000000, 517.806824, 0.000000, -97.204269, 0.000000, -49.099998, 5.000000, 0.000000, 0.500000, 0.500000, 0.150000, 0, 
9.919875, 0.021269, 0, 1, 500.000000, 515.734924, 0.000000, -97.413132, 0.000000, -49.099998, 5.000000, 0.000000, 0.500000, 0.500000, 0.150000, 0, 
9.940689, 0.020814, 0, 1, 500.000000, 513.703125, 0.000000, -97.617523, 0.000000, -49.099998, 5.000000, 0.000000, 0.500000, 0.500000, 0.150000, 0, 
9.962255, 0.021565, 0, 1, 500.000000, 511.593445, 0.000000, -97.829292, 0.000000, -49.099998, 5.000000, 0.000000, 0.500000, 0.500000, 0.150000, 0, 
9.982902, 0.020647, 0, 1, 500.000000, 509.569366, 0.000000, -98.032043, 0.000000, -49.099998, 5.000000, 0.000000, 0.500000, 0.500000, 0.150000, 0, 
10.004232, 0.021331, 0, 1, 500.000000, 507.473785, 0.000000, -98.241516, 0.000000, -49.099998, 5.000000, 0.000000, 0.500000, 0.500000, 0.150000, 0, 
10.025468, 0.021235, 0, 1, 500.000000, 505.383209, 0.000000, -98.450043, 0.000000, -49.099998, 5.000000, 0.000000, 0.500000, 0.500000, 0.150000, 0, 
10.047145, 0.021677, 0, 1, 500.000000, 503.244507, 0.000000, -98.662910, 0.000000, -49.099998, 5.000000, 0.000000, 0.500000, 0.500000, 0.150000, 0, 
10.068735, 0.021590, 0, 1, 500.000000, 501.109802, 0.000000, -98.874924, 0.000000, -49.099998, 5.000000, 0.000000, 0.500000, 0.500000, 0.150000, 0, 
10.089546, 0.020811, 0, 1, 500.000000, 499.047852, 0.000000, -99.079285, 0.000000, -49.099998, 5.000000, 0.000000, 0.500000, 0.500000, 0.150000, 0, 
10.112158, 0.022612, 0, 1, 500.000000, 496.802460, 0.000000, -99.301338, 0.000000, -49.099998, 5.000000, 0.000000, 0.500000, 0.500000, 0.150000, 0, 
10.133212, 0.021054, 0, 1, 500.000000, 494.707428, 0.000000, -99.508087, 0.000000, -49.099998, 5.000000, 0.000000, 0.500000, 0.500000, 0.150000, 0, 
10.154412, 0.021200, 0, 1, 500.000000, 492.593445, 0.000000, -99.716270, 0.000000, -49.099998, 5.000000, 0.000000, 0.500000, 0.500000, 0.150000, 0, 
10.175525, 0.021112, 0, 1, 500.000000, 490.483856, 0.000000, -99.923592, 0.000000, -49.099998, 5.000000, 0.000000, 0.500000, 0.500000, 0.150000, 0, 
10.197024, 0.021500, 0, 1, 500.000000, 488.330963, 0.000000, -100.134720, 0.000000, -49.099998, 5.000000, 0.000000, 0.500000, 0.500000, 0.150000, 0, 
10.219055, 0.022031, 0, 1, 500.000000, 486.120117, 0.000000, -100.351067, 0.000000, -49.099998, 5.000000, 0.000000, 0.500000, 0.500000, 0.150000, 0, 
10.240170, 0.021114, 0, 1, 500.000000, 483.996918, 0.000000, -100.558403, 0.000000, -49.099998, 5.000000, 0.000000, 0.500000, 0.500000, 0.150000, 0, 
10.264309, 0.024139, 0, 1, 500.000000, 481.563812, 0.000000, -100.795448, 0.000000, -49.099998, 5.000000, 0.000000, 0.500000, 0.500000, 0.150000, 0, 
10.282234, 0.017925, 0, 1, 500.000000, 479.753906, 0.000000, -100.971474, 0.000000, -49.099998, 5.000000, 0.000000, 0.500000, 0.500000, 0.150000, 0, 
10.302924, 0.020690, 0, 1, 500.000000, 477.660614, 0.000000, -101.174652, 0.000000, -49.099998, 5.000000, 0.000000, 0.500000, 0.500000, 0.150000, 0, 
10.323551, 0.020627, 0, 1, 500.000000, 475.569519, 0.000000, -101.377213, 0.000000, -49.099998, 5.000000, 0.000000, 0.500000, 0.500000, 0.150000, 0, 
10.345536, 0.021985, 0, 1, 500.000000, 473.335999, 0.000000, -101.593102, 0.000000, -49.099998, 5.000000, 0.000000, 0.500000, 0.500000, 0.150000, 0, 
10.366476, 0.020940, 0, 1, 500.000000, 471.204346, 0.000000, -101.798729, 0.000000, -49.099998, 5.000000, 0.000000, 0.500000, 0.500000, 0.150000, 0, 
10.387797, 0.021321, 0, 1, 500.000000, 469.029419, 0.000000, -102.008102, 0.000000, -49.099998, 5.000000, 0.000000, 0.500000, 0.500000, 0.150000, 0, 
10.409683, 0.021886, 0, 1, 500.000000, 466.792175, 0.000000, -102.223022, 0.000000, -49.099998, 5.000000, 0.000000, 0.500000, 0.500000, 0.150000, 0, 
10.433599, 0.023916, 0, 1, 500.000000, 464.341797, 0.000000, -102.457878, 0.000000, -49.099998, 5.000000, 0.000000, 0.500000, 0.500000, 0.150000, 0, 
10.455595, 0.021996, 0, 1, 500.000000, 462.083374, 0.000000, -102.673882, 0.000000, -49.099998, 5.000000, 0.000000, 0.500000, 0.500000, 0.150000, 0, 
10.478547, 0.022952, 0, 1, 500.000000, 459.721619, 0.000000, -102.899269, 0.000000, -49.099998, 5.000000, 0.000000, 0.500000, 0.500000, 0.150000, 0, 
10.500621, 0.022074, 0, 1, 500.000000, 457.445435, 0.000000, -103.116035, 0.000000, -49.099998, 5.000000, 0.000000, 0.500000, 0.500000, 0.150000, 0, 
10.522352, 0.021731, 0, 1, 500.000000, 455.199982, 0.000000, -103.329437, 0.000000, -49.099998, 5.000000, 0.000000, 0.500000, 0.500000, 0.150000, 0, 
10.547020, 0.024668, 0, 1, 500.000000, 452.645081, 0.000000, -103.571678, 0.000000, -49.099998, 5.000000, 0.000000, 0.500000, 0.500000, 0.150000, 0, 
10.569476, 0.022456, 0, 1, 500.000000, 450.314331, 0.000000, -103.792198, 0.000000, -49.099998, 5.000000, 0.000000, 0.500000, 0.500000, 0.150000, 0, 
10.591734, 0.022258, 0, 1, 500.000000, 447.999268, 0.000000, -104.010773, 0.000000, -49.099998, 5.000000, 0.000000, 0.500000, 0.500000, 0.150000, 0, 
10.613613, 0.021879, 0, 1, 500.000000, 445.718903, 0.000000, -104.225624, 0.000000, -49.099998, 5.000000, 0.000000, 0.500000, 0.500000, 0.150000, 0, 
10.636054, 0.022441, 0, 1, 500.000000, 443.375031, 0.000000, -104.445992, 0.000000, -49.099998, 5.000000, 0.000000, 0.500000, 0.500000, 0.150000, 0, 
10.658297, 0.022243, 0, 1, 500.000000, 441.046967, 0.000000, -104.664421, 0.000000, -49.099998, 5.000000, 0.000000, 0.500000, 0.500000, 0.150000, 0, 
10.680877, 0.022580, 0, 1, 500.000000, 438.678650, 0.000000, -104.886154, 0.000000, -49.099998, 5.000000, 0.000000, 0.500000, 0.500000, 0.150000, 0, 
10.703581, 0.022704, 0, 1, 500.000000, 436.292267, 0.000000, -105.109108, 0.000000, -49.099998, 5.000000, 0.000000, 0.500000, 0.500000, 0.150000, 0, 
10.725684, 0.022103, 0, 1, 500.000000, 433.964233, 0.000000, -105.326157, 0.000000, -49.099998, 5.000000, 0.000000, 0.500000, 0.500000, 0.150000, 0, 
10.748159, 0.022475, 0, 1, 500.000000, 431.592072, 0.000000, -105.546860, 0.000000, -49.099998, 5.000000, 0.000000, 0.500000, 0.500000, 0.150000, 0, 
10.770739, 0.022579, 0, 1, 500.000000, 429.203918, 0.000000, -105.768585, 0.000000, -49.099998, 5.000000, 0.000000, 0.500000, 0.500000, 0.150000, 0, 
10.794064, 0.023325, 0, 1, 500.000000, 426.731537, 0.000000, -105.997635, 0.000000, -49.099998, 5.000000, 0.000000, 0.500000, 0.500000, 0.150000, 0, 
10.816934, 0.022870, 0, 1, 500.000000, 424.302246, 0.000000, -106.222221, 0.000000, -49.099998, 5.000000, 0.000000, 0.500000, 0.500000, 0.150000, 0, 
10.838109, 0.021175, 0, 1, 500.000000, 422.048584, 0.000000, -106.430161, 0.000000, -49.099998, 5.000000, 0.000000, 0.500000, 0.500000, 0.150000, 0, 
10.859821, 0.021712, 0, 1, 500.000000, 419.733154, 0.000000, -106.643372, 0.000000, -49.099998, 5.000000, 0.000000, 0.500000, 0.500000, 0.150000, 0, 
10.883076, 0.023254, 0, 1, 500.000000, 417.247955, 0.000000, -106.871727, 0.000000, -49.099998, 5.000000, 0.000000, 0.500000, 0.500000, 0.150000, 0, 
10.904730, 0.021654, 0, 1, 500.000000, 414.929138, 0.000000, -107.084366, 0.000000, -49.099998, 5.000000, 0.000000, 0.500000, 0.500000, 0.150000, 0, 
10.927475, 0.022745, 0, 1, 500.000000, 412.488434, 0.000000, -107.307724, 0.000000, -49.099998, 5.000000, 0.000000, 0.500000, 0.500000, 0.150000, 0, 
10.949615, 0.022140, 0, 1, 500.000000, 410.107819, 0.000000, -107.525139, 0.000000, -49.099998, 5.000000, 0.000000, 0.500000, 0.500000, 0.150000, 0, 
10.971219, 0.021605, 0, 1, 500.000000, 407.780151, 0.000000, -107.737297, 0.000000, -49.099998, 5.000000, 0.000000, 0.500000, 0.500000, 0.150000, 0, 
10.993054, 0.021835, 0, 1, 500.000000, 405.423035, 0.000000, -107.951714, 0.000000, -49.099998, 5.000000, 0.000000, 0.500000, 0.500000, 0.150000, 0, 
11.016669, 0.023615, 0, 1, 500.000000, 402.868286, 0.000000, -108.183617, 0.000000, -49.099998, 5.000000, 0.000000, 0.500000, 0.500000, 0.150000, 0, 
11.040009, 0.023339, 0, 1, 500.000000, 400.338043, 0.000000, -108.412804, 0.000000, -49.099998, 5.000000, 0.000000, 0.500000, 0.500000, 0.150000, 0, 
11.064752, 0.024743, 0, 1, 500.000000, 397.649567, 0.000000, -108.655777, 0.000000, -49.099998, 5.000000, 0.000000, 0.500000, 0.500000, 0.150000, 0, 
11.088405, 0.023653, 0, 1, 500.000000, 395.074036, 0.000000, -108.888046, 0.000000, -49.099998, 5.000000, 0.000000, 0.500000, 0.500000, 0.150000, 0, 
11.111274, 0.022869, 0, 1, 500.000000, 392.578735, 0.000000, -109.112617, 0.000000, -49.099998, 5.000000, 0.000000, 0.500000, 0.500000, 0.150000, 0, 
11.133368, 0.022095, 0, 1, 500.000000, 390.163086, 0.000000, -109.329590, 0.000000, -49.099998, 5.000000, 0.000000, 0.500000, 0.500000, 0.150000, 0, 
11.154119, 0.020750, 0, 1, 500.000000, 387.890259, 0.000000, -109.533356, 0.000000, -49.099998, 5.000000, 0.000000, 0.500000, 0.500000, 0.150000, 0, 
11.171300, 0.017181, 0, 1, 500.000000, 386.005463, 0.000000, -109.702072, 0.000000, -49.099998, 5.000000, 0.000000, 0.500000, 0.500000, 0.150000, 0, 
11.193319, 0.022019, 0, 1, 500.000000, 383.585175, 0.000000, -109.918297, 0.000000, -49.099998, 5.000000, 0.000000, 0.500000, 0.500000, 0.150000, 0, 
11.216231, 0.022912, 0, 1, 500.000000, 381.061584, 0.000000, -110.143295, 0.000000, -49.099998, 5.000000, 0.000000, 0.500000, 0.500000, 0.150000, 0, 
11.237684, 0.021453, 0, 1, 500.000000, 378.694153, 0.000000, -110.353966, 0.000000, -49.099998, 5.000000, 0.000000, 0.500000, 0.500000, 0.150000, 0, 
11.260798, 0.023114, 0, 1, 500.000000, 376.138184, 0.000000, -110.580948, 0.000000, -49.099998, 5.000000, 0.000000, 0.500000, 0.500000, 0.150000, 0, 
11.283645, 0.022846, 0, 1, 500.000000, 373.606720, 0.000000, -110.805298, 0.000000, -49.099998, 5.000000, 0.000000, 0.500000, 0.500000, 0.150000, 0, 
11.306496, 0.022851, 0, 1, 500.000000, 371.069580, 0.000000, -111.029694, 0.000000, -49.099998, 5.000000, 0.000000, 0.500000, 0.500000, 0.150000, 0, 
11.329669, 0.023173, 0, 1, 500.000000, 368.491425, 0.000000, -111.257256, 0.000000, -49.099998, 5.000000, 0.000000, 0.500000, 0.500000, 0.150000, 0, 
11.353068, 0.023399, 0, 1, 500.000000, 365.882751, 0.000000, -111.487030, 0.000000, -49.099998, 5.000000, 0.000000, 0.500000, 0.500000, 0.150000, 0, 
11.374933, 0.021865, 0, 1, 500.000000, 363.440399, 0.000000, -111.701744, 0.000000, -49.099998, 5.000000, 0.000000, 0.500000, 0.500000, 0.150000, 0, 
11.397340, 0.022407, 0, 1, 500.000000, 360.932556, 0.000000, -111.921783, 0.000000, -49.099998, 5.000000, 0.000000, 0.500000, 0.500000, 0.150000, 0, 
11.420766, 0.023426, 0, 1, 500.000000, 358.305298, 0.000000, -112.151825, 0.000000, -49.099998, 5.000000, 0.000000, 0.500000, 0.500000, 0.150000, 0, 
11.444602, 0.023836, 0, 1, 500.000000, 355.626465, 0.000000, -112.385895, 0.000000, -49.099998, 5.000000, 0.000000, 0.500000, 0.500000, 0.150000, 0, 
11.467761, 0.023159, 0, 1, 500.000000, 353.018463, 0.000000, -112.613319, 0.000000, -49.099998, 5.000000, 0.000000, 0.500000, 0.500000, 0.150000, 0, 
11.489403, 0.021642, 0, 1, 500.000000, 350.576691, 0.000000, -112.825844, 0.000000, -49.099998, 5.000000, 0.000000, 0.500000, 0.500000, 0.150000, 0, 
11.512283, 0.022881, 0, 1, 500.000000, 347.989990, 0.000000, -113.050537, 0.000000, -49.099998, 5.000000, 0.000000, 0.500000, 0.500000, 0.150000, 0, 
11.534781, 0.022498, 0, 1, 500.000000, 345.441620, 0.000000, -113.271469, 0.000000, -49.099998, 5.000000, 0.000000, 0.500000, 0.500000, 0.150000, 0, 
11.557372, 0.022591, 0, 1, 500.000000, 342.877686, 0.000000, -113.493309, 0.000000, -49.099998, 5.000000, 0.000000, 0.500000, 0.500000, 0.150000, 0, 
11.580472, 0.023100, 0, 1, 500.000000, 340.250763, 0.000000, -113.720154, 0.000000, -49.099998, 5.000000, 0.000000, 0.500000, 0.500000, 0.150000, 0, 
11.602356, 0.021884, 0, 1, 500.000000, 337.757416, 0.000000, -113.935051, 0.000000, -49.099998, 5.000000, 0.000000, 0.500000, 0.500000, 0.150000, 0, 
11.623766, 0.021410, 0, 1, 500.000000, 335.313568, 0.000000, -114.145294, 0.000000, -49.099998, 5.000000, 0.000000, 0.500000, 0.500000, 0.150000, 0, 
11.640459, 0.016693, 0, 1, 500.000000, 333.405396, 0.000000, -114.309219, 0.000000, -49.099998, 5.000000, 0.000000, 0.500000, 0.500000, 0.150000, 0, 
11.657220, 0.016761, 0, 1, 500.000000, 331.486694, 0.000000, -114.473816, 0.000000, -49.099998, 5.000000, 0.000000, 0.500000, 0.500000, 0.150000, 0, 
11.681843, 0.024623, 0, 1, 500.000000, 328.662048, 0.000000, -114.715614, 0.000000, -49.099998, 5.000000, 0.000000, 0.500000, 0.500000, 0.150000, 0, 
11.704329, 0.022487, 0, 1, 500.000000, 326.077484, 0.000000, -114.936440, 0.000000, -49.099998, 5.000000, 0.000000, 0.500000, 0.500000, 0.150000, 0, 
11.726319, 0.021990, 0, 1, 500.000000, 323.545288, 0.000000, -115.152382, 0.000000, -49.099998, 5.000000, 0.000000, 0.500000, 0.500000, 0.150000, 0, 
11.748540, 0.022221, 0, 1, 500.000000, 320.981628, 0.000000, -115.370590, 0.000000, -49.099998, 5.000000, 0.000000, 0.500000, 0.500000, 0.150000, 0, 
11.772907, 0.024367, 0, 1, 500.000000, 318.164551, 0.000000, -115.609871, 0.000000, -49.099998, 5.000000, 0.000000, 0.500000, 0.500000, 0.150000, 0, 
11.796011, 0.023104, 0, 1, 500.000000, 315.488251, 0.000000, -115.836754, 0.000000, -49.099998, 5.000000, 0.000000, 0.500000, 0.500000, 0.150000, 0, 
11.817613, 0.021602, 0, 1, 500.000000, 312.981354, 0.000000, -116.048889, 0.000000, -49.099998, 5.000000, 0.000000, 0.500000, 0.500000, 0.150000, 0, 
11.840428, 0.022816, 0, 1, 500.000000, 310.328461, 0.000000, -116.272942, 0.000000, -49.099998, 5.000000, 0.000000, 0.500000, 0.500000, 0.150000, 0, 
11.863900, 0.023472, 0, 1, 500.000000, 307.593903, 0.000000, -116.503433, 0.000000, -49.099998, 5.000000, 0.000000, 0.500000, 0.500000, 0.150000, 0, 
11.887269, 0.023369, 0, 1, 500.000000, 304.865967, 0.000000, -116.732918, 0.000000, -49.099998, 5.000000, 0.000000, 0.500000, 0.500000, 0.150000, 0, 
11.909740, 0.022471, 0, 1, 500.000000, 302.237915, 0.000000, -116.953583, 0.000000, -49.099998, 5.000000, 0.000000, 0.500000, 0.500000, 0.150000, 0, 
11.932759, 0.023019, 0, 1, 500.000000, 299.540558, 0.000000, -117.179626, 0.000000, -49.099998, 5.000000, 0.000000, 0.500000, 0.500000, 0.150000, 0, 
11.954416, 0.021657, 0, 1, 500.000000, 296.998199, 0.000000, -117.392296, 0.000000, -49.099998, 5.000000, 0.000000, 0.500000, 0.500000, 0.150000, 0, 
11.976987, 0.022571, 0, 1, 500.000000, 294.343536, 0.000000, -117.613945, 0.000000, -49.099998, 5.000000, 0.000000, 0.500000, 0.500000, 0.150000, 0, 
11.999595, 0.022608, 0, 1, 500.000000, 291.679504, 0.000000, -117.835953, 0.000000, -49.099998, 5.000000, 0.000000, 0.500000, 0.500000, 0.150000, 0, 
12.022558, 0.022964, 0, 1, 500.000000, 288.968353, 0.000000, -118.061462, 0.000000, -49.099998, 5.000000, 0.000000, 0.500000, 0.500000, 0.150000, 0, 
12.044044, 0.021486, 0, 1, 500.000000, 286.427155, 0.000000, -118.272453, 0.000000, -49.099998, 5.000000, 0.000000, 0.500000, 0.500000, 0.150000, 0, 
12.060778, 0.016733, 0, 1, 500.000000, 284.445343, 0.000000, -118.436768, 0.000000, -49.099998, 5.000000, 0.000000, 0.500000, 0.500000, 0.150000, 0, 
12.084098, 0.023320, 0, 1, 500.000000, 281.678070, 0.000000, -118.665771, 0.000000, -49.099998, 5.000000, 0.000000, 0.500000, 0.500000, 0.150000, 0, 
12.105952, 0.021854, 0, 1, 500.000000, 279.080048, 0.000000, -118.880379, 0.000000, -49.099998, 5.000000, 0.000000, 0.500000, 0.500000, 0.150000, 0, 
12.127010, 0.021058, 0, 1, 500.000000, 276.572296, 0.000000, -119.087166, 0.000000, -49.099998, 5.000000, 0.000000, 0.500000, 0.500000, 0.150000, 0, 
12.149518, 0.022508, 0, 1, 500.000000, 273.886902, 0.000000, -119.308197, 0.000000, -49.099998, 5.000000, 0.000000, 0.500000, 0.500000, 0.150000, 0, 
12.171670, 0.022152, 0, 1, 500.000000, 271.239166, 0.000000, -119.525726, 0.000000, -49.099998, 5.000000, 0.000000, 0.500000, 0.500000, 0.150000, 0, 
12.194888, 0.023218, 0, 1, 500.000000, 268.458710, 0.000000, -119.753731, 0.000000, -49.099998, 5.000000, 0.000000, 0.500000, 0.500000, 0.150000, 0, 
12.216568, 0.021680, 0, 1, 500.000000, 265.857819, 0.000000, -119.966629, 0.000000, -49.099998, 5.000000, 0.000000, 0.500000, 0.500000, 0.150000, 0, 
12.237883, 0.021315, 0, 1, 500.000000, 263.296265, 0.000000, -120.175941, 0.000000, -49.099998, 5.000000, 0.000000, 0.500000, 0.500000, 0.150000, 0, 
12.259728, 0.021846, 0, 1, 500.000000, 260.666229, 0.000000, -120.390472, 0.000000, -49.099998, 5.000000, 0.000000, 0.500000, 0.500000, 0.150000, 0, 
12.281405, 0.021677, 0, 1, 500.000000, 258.051910, 0.000000, -120.603340, 0.000000, -49.099998, 5.000000, 0.000000, 0.500000, 0.500000, 0.150000, 0, 
12.304167, 0.022761, 0, 1, 500.000000, 255.301773, 0.000000, -120.826851, 0.000000, -49.099998, 5.000000, 0.000000, 0.500000, 0.500000, 0.150000, 0, 
12.326127, 0.021960, 0, 1, 500.000000, 252.643677, 0.000000, -121.042496, 0.000000, -49.099998, 5.000000, 0.000000, 0.500000, 0.500000, 0.150000, 0, 
12.348271, 0.022144, 0, 1, 500.000000, 249.958496, 0.000000, -121.259949, 0.000000, -49.099998, 5.000000, 0.000000, 0.500000, 0.500000, 0.150000, 0, 
12.369915, 0.021644, 0, 1, 500.000000, 247.329346, 0.000000, -121.472496, 0.000000, -49.099998, 5.000000, 0.000000, 0.500000, 0.500000, 0.150000, 0, 
12.391185, 0.021270, 0, 1, 500.000000, 244.741180, 0.000000, -121.681366, 0.000000, -49.099998, 5.000000, 0.000000, 0.500000, 0.500000, 0.150000, 0, 
12.414383, 0.023198, 0, 1, 500.000000, 241.913132, 0.000000, -121.909172, 0.000000, -49.099998, 5.000000, 0.000000, 0.500000, 0.500000, 0.150000, 0, 
12.436805, 0.022422, 0, 1, 500.000000, 239.174744, 0.000000, -122.129356, 0.000000, -49.099998, 5.000000, 0.000000, 0.500000, 0.500000, 0.150000, 0, 
12.458423, 0.021618, 0, 1, 500.000000, 236.529968, 0.000000, -122.341644, 0.000000, -49.099998, 5.000000, 0.000000, 0.500000, 0.500000, 0.150000, 0, 
12.480693, 0.022270, 0, 1, 500.000000, 233.800552, 0.000000, -122.560333, 0.000000, -49.099998, 5.000000, 0.000000, 0.500000, 0.500000, 0.150000, 0, 
12.503053, 0.022360, 0, 1, 500.000000, 231.055191, 0.000000, -122.779907, 0.000000, -49.099998, 5.000000, 0.000000, 0.500000, 0.500000, 0.150000, 0, 
12.525333, 0.022281, 0, 1, 500.000000, 228.314651, 0.000000, -122.998703, 0.000000, -49.099998, 5.000000, 0.000000, 0.500000, 0.500000, 0.150000, 0, 
12.542089, 0.016755, 0, 1, 500.000000, 226.251053, 0.000000, -123.163239, 0.000000, -49.099998, 5.000000, 0.000000, 0.500000, 0.500000, 0.150000, 0, 
12.564384, 0.022296, 0, 1, 500.000000, 223.500122, 0.000000, -123.382187, 0.000000, -49.099998, 5.000000, 0.000000, 0.500000, 0.500000, 0.150000, 0, 
12.586176, 0.021791, 0, 1, 500.000000, 220.806839, 0.000000, -123.596176, 0.000000, -49.099998, 5.000000, 0.000000, 0.500000, 0.500000, 0.150000, 0, 
12.607124, 0.020948, 0, 1, 500.000000, 218.213440, 0.000000, -123.801888, 0.000000, -49.099998, 5.000000, 0.000000, 0.500000, 0.500000, 0.150000, 0, 
12.630558, 0.023434, 0, 1, 500.000000, 215.306870, 0.000000, -124.032013, 0.000000, -49.099998, 5.000000, 0.000000, 0.500000, 0.500000, 0.150000, 0, 
12.653292, 0.022734, 0, 1, 500.000000, 212.482056, 0.000000, -124.255264, 0.000000, -49.099998, 5.000000, 0.000000, 0.500000, 0.500000, 0.150000, 0, 
12.676871, 0.023580, 0, 1, 500.000000, 209.546661, 0.000000, -124.486816, 0.000000, -49.099998, 5.000000, 0.000000, 0.500000, 0.500000, 0.150000, 0, 
12.700917, 0.024046, 0, 1, 500.000000, 206.547577, 0.000000, -124.722946, 0.000000, -49.099998, 5.000000, 0.000000, 0.500000, 0.500000, 0.150000, 0, 
12.726157, 0.025240, 0, 1, 500.000000, 203.393311, 0.000000, -124.970802, 0.000000, -49.099998, 5.000000, 0.000000, 0.500000, 0.500000, 0.150000, 0, 
12.749467, 0.023310, 0, 1, 500.000000, 200.474899, 0.000000, -125.199707, 0.000000, -49.099998, 5.000000, 0.000000, 0.500000, 0.500000, 0.150000, 0, 
12.771199, 0.021732, 0, 1, 500.000000, 197.749420, 0.000000, -125.413116, 0.000000, -49.099998, 5.000000, 0.000000, 0.500000, 0.500000, 0.150000, 0, 
12.793323, 0.022123, 0, 1, 500.000000, 194.970093, 0.000000, -125.630363, 0.000000, -49.099998, 5.000000, 0.000000, 0.500000, 0.500000, 0.150000, 0, 
12.815049, 0.021727, 0, 1, 500.000000, 192.235886, 0.000000, -125.843719, 0.000000, -49.099998, 5.000000, 0.000000, 0.500000, 0.500000, 0.150000, 0, 
12.835845, 0.020796, 0, 1, 500.000000, 189.614594, 0.000000, -126.047935, 0.000000, -49.099998, 5.000000, 0.000000, 0.500000, 0.500000, 0.150000, 0, 
12.857108, 0.021263, 0, 1, 500.000000, 186.929993, 0.000000, -126.256737, 0.000000, -49.099998, 5.000000, 0.000000, 0.500000, 0.500000, 0.150000, 0, 
12.878979, 0.021871, 0, 1, 500.000000, 184.163940, 0.000000, -126.471512, 0.000000, -49.099998, 5.000000, 0.000000, 0.500000, 0.500000, 0.150000, 0, 
12.899880, 0.020902, 0, 1, 500.000000, 181.516144, 0.000000, -126.676773, 0.000000, -49.099998, 5.000000, 0.000000, 0.500000, 0.500000, 0.150000, 0, 
12.921537, 0.021657, 0, 1, 500.000000, 178.768097, 0.000000, -126.889442, 0.000000, -49.099998, 5.000000, 0.000000, 0.500000, 0.500000, 0.150000, 0, 
12.938576, 0.017038, 0, 1, 500.000000, 176.603302, 0.000000, -127.056755, 0.000000, -49.099998, 5.000000, 0.000000, 0.500000, 0.500000, 0.150000, 0, 
12.962681, 0.024105, 0, 1, 500.000000, 173.534897, 0.000000, -127.293465, 0.000000, -49.099998, 5.000000, 0.000000, 0.500000, 0.500000, 0.150000, 0, 
12.983778, 0.021097, 0, 1, 500.000000, 170.845016, 0.000000, -127.500641, 0.000000, -49.099998, 5.000000, 0.000000, 0.500000, 0.500000, 0.150000, 0, 
13.005818, 0.022040, 0, 1, 500.000000, 168.030136, 0.000000, -127.717072, 0.000000, -49.099998, 5.000000, 0.000000, 0.500000, 0.500000, 0.150000, 0, 
13.027270, 0.021452, 0, 1, 500.000000, 165.285828, 0.000000, -127.927727, 0.000000, -49.099998, 5.000000, 0.000000, 0.500000, 0.500000, 0.150000, 0, 
13.049904, 0.022634, 0, 1, 500.000000, 162.385284, 0.000000, -128.149994, 0.000000, -49.099998, 5.000000, 0.000000, 0.500000, 0.500000, 0.150000, 0, 
13.072409, 0.022505, 0, 1, 500.000000, 159.496292, 0.000000, -128.370987, 0.000000, -49.099998, 5.000000, 0.000000, 0.500000, 0.500000, 0.150000, 0, 
13.093666, 0.021257, 0, 1, 500.000000, 156.763077, 0.000000, -128.579727, 0.000000, -49.099998, 5.000000, 0.000000, 0.500000, 0.500000, 0.150000, 0, 
13.115965, 0.022299, 0, 1, 500.000000, 153.890991, 0.000000, -128.798706, 0.000000, -49.099998, 5.000000, 0.000000, 0.500000, 0.500000, 0.150000, 0, 
13.137770, 0.021805, 0, 1, 500.000000, 151.077866, 0.000000, -129.012833, 0.000000, -49.099998, 5.000000, 0.000000, 0.500000, 0.500000, 0.150000, 0, 
13.160335, 0.022565, 0, 1, 500.000000, 148.161697, 0.000000, -129.234421, 0.000000, -49.099998, 5.000000, 0.000000, 0.500000, 0.500000, 0.150000, 0, 
13.183753, 0.023418, 0, 1, 500.000000, 145.129898, 0.000000, -129.464386, 0.000000, -49.099998, 5.000000, 0.000000, 0.500000, 0.500000, 0.150000, 0, 
13.205230, 0.021477, 0, 1, 500.000000, 142.344864, 0.000000, -129.675293, 0.000000, -49.099998, 5.000000, 0.000000, 0.500000, 0.500000, 0.150000, 0, 
13.227419, 0.022189, 0, 1, 500.000000, 139.462662, 0.000000, -129.893188, 0.000000, -49.099998, 5.000000, 0.000000, 0.500000, 0.500000, 0.150000, 0, 
13.249485, 0.022066, 0, 1, 500.000000, 136.591660, 0.000000, -130.109879, 0.000000, -49.099998, 5.000000, 0.000000, 0.500000, 0.500000, 0.150000, 0, 
13.271253, 0.021768, 0, 1, 500.000000, 133.754776, 0.000000, -130.323639, 0.000000, -49.099998, 5.000000, 0.000000, 0.500000, 0.500000, 0.150000, 0, 
13.294178, 0.022925, 0, 1, 500.000000, 130.761948, 0.000000, -130.548767, 0.000000, -49.099998, 5.000000, 0.000000, 0.500000, 0.500000, 0.150000, 0, 
13.316046, 0.021868, 0, 1, 500.000000, 127.902412, 0.000000, -130.763504, 0.000000, -49.099998, 5.000000, 0.000000, 0.500000, 0.500000, 0.150000, 0, 
13.338065, 0.022019, 0, 1, 500.000000, 125.018372, 0.000000, -130.979736, 0.000000, -49.099998, 5.000000, 0.000000, 0.500000, 0.500000, 0.150000, 0, 
13.359829, 0.021764, 0, 1, 500.000000, 122.163078, 0.000000, -131.193466, 0.000000, -49.099998, 5.000000, 0.000000, 0.500000, 0.500000, 0.150000, 0, 
13.382710, 0.022881, 0, 1, 500.000000, 119.156097, 0.000000, -131.418152, 0.000000, -49.099998, 5.000000, 0.000000, 0.500000, 0.500000, 0.150000, 0, 
13.405259, 0.022550, 0, 1, 500.000000, 116.187622, 0.000000, -131.639587, 0.000000, -49.099998, 5.000000, 0.000000, 0.500000, 0.500000, 0.150000, 0, 
13.427847, 0.022588, 0, 1, 500.000000, 113.209137, 0.000000, -131.861404, 0.000000, -49.099998, 5.000000, 0.000000, 0.500000, 0.500000, 0.150000, 0, 
13.450114, 0.022267, 0, 1, 500.000000, 110.268112, 0.000000, -132.080063, 0.000000, -49.099998, 5.000000, 0.000000, 0.500000, 0.500000, 0.150000, 0, 
13.472710, 0.022595, 0, 1, 500.000000, 107.278748, 0.000000, -132.301941, 0.000000, -49.099998, 5.000000, 0.000000, 0.500000, 0.500000, 0.150000, 0, 
13.494904, 0.022194, 0, 1, 500.000000, 104.337601, 0.000000, -132.519882, 0.000000, -49.099998, 5.000000, 0.000000, 0.500000, 0.500000, 0.150000, 0, 
13.518162, 0.023258, 0, 1, 500.000000, 101.250137, 0.000000, -132.748276, 0.000000, -49.099998, 5.000000, 0.000000, 0.500000, 0.500000, 0.150000, 0, 
13.539896, 0.021734, 0, 1, 500.000000, 98.360352, 0.000000, -132.961700, 0.000000, -49.099998, 5.000000, 0.000000, 0.500000, 0.500000, 0.150000, 0, 
13.563459, 0.023563, 0, 1, 500.000000, 95.221924, 0.000000, -133.193085, 0.000000, -49.099998, 5.000000, 0.000000, 0.500000, 0.500000, 0.150000, 0, 
13.584842, 0.021382, 0, 1, 500.000000, 92.369499, 0.000000, -133.403061, 0.000000, -49.099998, 5.000000, 0.000000, 0.500000, 0.500000, 0.150000, 0, 
13.606665, 0.021823, 0, 1, 500.000000, 89.453568, 0.000000, -133.617355, 0.000000, -49.099998, 5.000000, 0.000000, 0.500000, 0.500000, 0.150000, 0, 
13.629442, 0.022778, 0, 1, 500.000000, 86.404938, 0.000000, -133.841034, 0.000000, -49.099998, 5.000000, 0.000000, 0.500000, 0.500000, 0.150000, 0, 
13.652408, 0.022965, 0, 1, 500.000000, 83.326103, 0.000000, -134.066544, 0.000000, -49.099998, 5.000000, 0.000000, 0.500000, 0.500000, 0.150000, 0, 
13.675507, 0.023099, 0, 1, 500.000000, 80.224060, 0.000000, -134.293381, 0.000000, -49.099998, 5.000000, 0.000000, 0.500000, 0.500000, 0.150000, 0, 
13.698431, 0.022924, 0, 1, 500.000000, 77.140358, 0.000000, -134.518494, 0.000000, -49.099998, 5.000000, 0.000000, 0.500000, 0.500000, 0.150000, 0, 
13.720329, 0.021898, 0, 1, 500.000000, 74.189964, 0.000000, -134.733536, 0.000000, -49.099998, 5.000000, 0.000000, 0.500000, 0.500000, 0.150000, 0, 
13.738054, 0.017725, 0, 1, 500.000000, 71.798729, 0.000000, -134.907593, 0.000000, -49.099998, 5.000000, 0.000000, 0.500000, 0.500000, 0.150000, 0, 
13.760121, 0.022067, 0, 1, 500.000000, 68.816940, 0.000000, -135.124298, 0.000000, -49.099998, 5.000000, 0.000000, 0.500000, 0.500000, 0.150000, 0, 
13.782526, 0.022405, 0, 1, 500.000000, 65.784554, 0.000000, -135.344315, 0.000000, -49.099998, 5.000000, 0.000000, 0.500000, 0.500000, 0.150000, 0, 
13.804949, 0.022423, 0, 1, 500.000000, 62.744789, 0.000000, -135.564514, 0.000000, -49.099998, 5.000000, 0.000000, 0.500000, 0.500000, 0.150000, 0, 
13.827366, 0.022417, 0, 1, 500.000000, 59.700905, 0.000000, -135.784653, 0.000000, -49.099998, 5.000000, 0.000000, 0.500000, 0.500000, 0.150000, 0, 
13.846895, 0.019529, 0, 1, 500.000000, 57.045422, 0.000000, -135.976425, 0.000000, -49.099998, 5.000000, 0.000000, 0.500000, 0.500000, 0.150000, 0, 
13.869927, 0.023032, 0, 1, 500.000000, 53.908401, 0.000000, -136.202606, 0.000000, -49.099998, 5.000000, 0.000000, 0.500000, 0.500000, 0.150000, 0, 
13.892555, 0.022628, 0, 1, 500.000000, 50.821381, 0.000000, -136.424820, 0.000000, -49.099998, 5.000000, 0.000000, 0.500000, 0.500000, 0.150000, 0, 
13.916400, 0.023845, 0, 1, 500.000000, 47.562748, 0.000000, -136.658981, 0.000000, -49.099998, 5.000000, 0.000000, 0.500000, 0.500000, 0.150000, 0, 
13.939515, 0.023115, 0, 1, 500.000000, 44.398628, 0.000000, -136.885971, 0.000000, -49.099998, 5.000000, 0.000000, 0.500000, 0.500000, 0.150000, 0, 
13.964721, 0.025206, 0, 1, 500.000000, 40.942039, 0.000000, -137.133499, 0.000000, -49.099998, 5.000000, 0.000000, 0.500000, 0.500000, 0.150000, 0, 
13.983486, 0.018765, 0, 1, 500.000000, 38.365273, 0.000000, -137.317764, 0.000000, -49.099998, 5.000000, 0.000000, 0.500000, 0.500000, 0.150000, 0, 
14.000309, 0.016823, 0, 1, 500.000000, 36.052395, 0.000000, -137.482971, 0.000000, -49.099998, 5.000000, 0.000000, 0.500000, 0.500000, 0.150000, 0, 
14.022376, 0.022067, 0, 1, 500.000000, 33.013775, 0.000000, -137.699677, 0.000000, -49.099998, 5.000000, 0.000000, 0.500000, 0.500000, 0.150000, 0, 
14.046904, 0.024528, 0, 1, 500.000000, 29.630369, 0.000000, -137.940536, 0.000000, -49.099998, 5.000000, 0.000000, 0.500000, 0.500000, 0.150000, 0, 
14.069474, 0.022571, 0, 1, 500.000000, 26.511911, 0.000000, -138.162186, 0.000000, -49.099998, 5.000000, 0.000000, 0.500000, 0.500000, 0.150000, 0, 
14.091684, 0.022210, 0, 1, 500.000000, 23.438484, 0.000000, -138.380295, 0.000000, -49.099998, 5.000000, 0.000000, 0.500000, 0.500000, 0.150000, 0, 
14.113991, 0.022306, 0, 1, 500.000000, 20.346888, 0.000000, -138.599335, 0.000000, -49.099998, 5.000000, 0.000000, 0.500000, 0.500000, 0.150000, 0, 
14.130844, 0.016853, 0, 1, 500.000000, 18.008284, 0.000000, -138.764832, 0.000000, -49.099998, 5.000000, 0.000000, 0.500000, 0.500000, 0.150000, 0, 
14.154350, 0.023506, 0, 1, 500.000000, 14.741052, 0.000000, -138.995667, 0.000000, -49.099998, 5.000000, 0.000000, 0.500000, 0.500000, 0.150000, 0, 
14.171291, 0.016941, 0, 1, 500.000000, 12.383508, 0.000000, -139.162033, 0.000000, -49.099998, 5.000000, 0.000000, 0.500000, 0.500000, 0.150000, 0, 
14.194136, 0.022844, 0, 1, 500.000000, 9.199366, 0.000000, -139.386368, 0.000000, -49.099998, 5.000000, 0.000000, 0.500000, 0.500000, 0.150000, 0, 
14.218652, 0.024516, 0, 1, 500.000000, 5.776267, 0.000000, -139.627121, 0.000000, -49.099998, 5.000000, 0.000000, 0.500000, 0.500000, 0.150000, 0, 
14.241261, 0.022609, 0, 1, 500.000000, 2.614418, 0.000000, -139.849136, 0.000000, -49.099998, 5.000000, 0.000000, 0.500000, 0.500000, 0.150000, 0, 
14.264573, 0.023313, 0, 1, 500.000000, -0.651222, 0.000000, -140.078064, 0.000000, -49.099998, 5.000000, 0.000000, 0.500000, 0.500000, 0.150000, 0, 
14.286351, 0.021778, 0, 1, 500.000000, -3.706500, 0.000000, -140.291931, 0.000000, -49.099998, 5.000000, 0.000000, 0.500000, 0.500000, 0.150000, 0, 
14.309352, 0.023001, 0, 1, 500.000000, -6.938550, 0.000000, -140.517807, 0.000000, -49.099998, 5.000000, 0.000000, 0.500000, 0.500000, 0.150000, 0, 
14.331573, 0.022222, 0, 1, 500.000000, -10.065986, 0.000000, -140.736023, 0.000000, -49.099998, 5.000000, 0.000000, 0.500000, 0.500000, 0.150000, 0, 
14.446644, 0.115070, 0, 1, 500.000000, -26.390507, 0.000000, -141.866013, 0.000000, -49.099998, 5.000000, 0.000000, 0.500000, 0.500000, 0.150000, 0, 
