GLOBALTIME, DELTATIME, ID, STATE, POS_x, POS_y, VEL_x, VEL_y, FR_x, FR_y, MASS, ROTATION(DEGREES), FRICTIONCOEF.., RESTITUTIONCOEF.., AIR DRAG COEF..,  use air resistance
0.092137, 0.092137, 0, 1, 0.921370, 25.838005, 10.000000, 9.095215, 0.000000, -49.099998, 5.000000, 0.000000, 0.500000, 0.500000, 0.150000, 0, 
0.113318, 0.021181, 0, 1, 1.133180, 26.026245, 10.000000, 8.887218, 0.000000, -49.099998, 5.000000, 0.000000, 0.500000, 0.500000, 0.150000, 0, 
0.131538, 0.018220, 0, 1, 1.315380, 26.184910, 10.000000, 8.708297, 0.000000, -49.099998, 5.000000, 0.000000, 0.500000, 0.500000, 0.150000, 0, 
0.157773, 0.026235, 0, 1, 1.577730, 26.406612, 10.000000, 8.450669, 0.000000, -49.099998, 5.000000, 0.000000, 0.500000, 0.500000, 0.150000, 0, 
0.177200, 0.019427, 0, 1, 1.772000, 26.567078, 10.000000, 8.259896, 0.000000, -49.099998, 5.000000, 0.000000, 0.500000, 0.500000, 0.150000, 0, 
0.196592, 0.019392, 0, 1, 1.965920, 26.723560, 10.000000, 8.069467, 0.000000, -49.099998, 5.000000, 0.000000, 0.500000, 0.500000, 0.150000, 0, 
0.216598, 0.020006, 0, 1, 2.165980, 26.881067, 10.000000, 7.873008, 0.000000, -49.099998, 5.000000, 0.000000, 0.500000, 0.500000, 0.150000, 0, 
0.234055, 0.017457, 0, 1, 2.340550, 27.015514, 10.000000, 7.701580, 0.000000, -49.099998, 5.000000, 0.000000, 0.500000, 0.500000, 0.150000, 0, 
0.252748, 0.018693, 0, 1, 2.527480, 27.156048, 10.000000, 7.518015, 0.000000, -49.099998, 5.000000, 0.000000, 0.500000, 0.500000, 0.150000, 0, 
0.269729, 0.016981, 0, 1, 2.697290, 27.280880, 10.000000, 7.351262, 0.000000, -49.099998, 5.000000, 0.000000, 0.500000, 0.500000, 0.150000, 0, 
0.286996, 0.017267, 0, 1, 2.869960, 27.404886, 10.000000, 7.181700, 0.000000, -49.099998, 5.000000, 0.000000, 0.500000, 0.500000, 0.150000, 0, 
0.303800, 0.016804, 0, 1, 3.038000, 27.522795, 10.000000, 7.016685, 0.000000, -49.099998, 5.000000, 0.000000, 0.500000, 0.500000, 0.150000, 0, 
0.327048, 0.023248, 0, 1, 3.270480, 27.680611, 10.000000, 6.788389, 0.000000, -49.099998, 5.000000, 0.000000, 0.500000, 0.500000, 0.150000, 0, 
0.347637, 0.020589, 0, 1, 3.476370, 27.816214, 10.000000, 6.586205, 0.000000, -49.099998, 5.000000, 0.000000, 0.500000, 0.500000, 0.150000, 0, 
0.371955, 0.024318, 0, 1, 3.719550, 27.970570, 10.000000, 6.347403, 0.000000, -49.099998, 5.000000, 0.000000, 0.500000, 0.500000, 0.150000, 0, 
0.394945, 0.022990, 0, 1, 3.949450, 28.111305, 10.000000, 6.121641, 0.000000, -49.099998, 5.000000, 0.000000, 0.500000, 0.500000, 0.150000, 0, 
0.415365, 0.020420, 0, 1, 4.153650, 28.232214, 10.000000, 5.921116, 0.000000, -49.099998, 5.000000, 0.000000, 0.500000, 0.500000, 0.150000, 0, 
0.436199, 0.020834, 0, 1, 4.361990, 28.351313, 10.000000, 5.716527, 0.000000, -49.099998, 5.000000, 0.000000, 0.500000, 0.500000, 0.150000, 0, 
0.457051, 0.020852, 0, 1, 4.570510, 28.466244, 10.000000, 5.511760, 0.000000, -49.099998, 5.000000, 0.000000, 0.500000, 0.500000, 0.150000, 0, 
0.482878, 0.025827, 0, 1, 4.828780, 28.602045, 10.000000, 5.258139, 0.000000, -49.099998, 5.000000, 0.000000, 0.500000, 0.500000, 0.150000, 0, 
0.502663, 0.019785, 0, 1, 5.026630, 28.702234, 10.000000, 5.063850, 0.000000, -49.099998, 5.000000, 0.000000, 0.500000, 0.500000, 0.150000, 0, 
0.522470, 0.019807, 0, 1, 5.224700, 28.798681, 10.000000, 4.869345, 0.000000, -49.099998, 5.000000, 0.000000, 0.500000, 0.500000, 0.150000, 0, 
0.543687, 0.021217, 0, 1, 5.436870, 28.897573, 10.000000, 4.660994, 0.000000, -49.099998, 5.000000, 0.000000, 0.500000, 0.500000, 0.150000, 0, 
0.565437, 0.021750, 0, 1, 5.654370, 28.994305, 10.000000, 4.447409, 0.000000, -49.099998, 5.000000, 0.000000, 0.500000, 0.500000, 0.150000, 0, 
0.586148, 0.020711, 0, 1, 5.861480, 29.082203, 10.000000, 4.244027, 0.000000, -49.099998, 5.000000, 0.000000, 0.500000, 0.500000, 0.150000, 0, 
0.629294, 0.043146, 0, 1, 6.292940, 29.247034, 10.000000, 3.820333, 0.000000, -49.099998, 5.000000, 0.000000, 0.500000, 0.500000, 0.150000, 0, 
0.653215, 0.023921, 0, 1, 6.532150, 29.332802, 10.000000, 3.585429, 0.000000, -49.099998, 5.000000, 0.000000, 0.500000, 0.500000, 0.150000, 0, 
0.675221, 0.022006, 0, 1, 6.752210, 29.406948, 10.000000, 3.369330, 0.000000, -49.099998, 5.000000, 0.000000, 0.500000, 0.500000, 0.150000, 0, 
0.692927, 0.017706, 0, 1, 6.929270, 29.463528, 10.000000, 3.195457, 0.000000, -49.099998, 5.000000, 0.000000, 0.500000, 0.500000, 0.150000, 0, 
0.716658, 0.023731, 0, 1, 7.166580, 29.533829, 10.000000, 2.962419, 0.000000, -49.099998, 5.000000, 0.000000, 0.500000, 0.500000, 0.150000, 0, 
0.737219, 0.020561, 0, 1, 7.372190, 29.590588, 10.000000, 2.760510, 0.000000, -49.099998, 5.000000, 0.000000, 0.500000, 0.500000, 0.150000, 0, 
0.759560, 0.022341, 0, 1, 7.595600, 29.647358, 10.000000, 2.541121, 0.000000, -49.099998, 5.000000, 0.000000, 0.500000, 0.500000, 0.150000, 0, 
0.779019, 0.019459, 0, 1, 7.790190, 29.693087, 10.000000, 2.350034, 0.000000, -49.099998, 5.000000, 0.000000, 0.500000, 0.500000, 0.150000, 0, 
0.797251, 0.018232, 0, 1, 7.972510, 29.732668, 10.000000, 2.170996, 0.000000, -49.099998, 5.000000, 0.000000, 0.500000, 0.500000, 0.150000, 0, 
0.819938, 0.022687, 0, 1, 8.199380, 29.776867, 10.000000, 1.948209, 0.000000, -49.099998, 5.000000, 0.000000, 0.500000, 0.500000, 0.150000, 0, 
0.842689, 0.022751, 0, 1, 8.426890, 29.816107, 10.000000, 1.724795, 0.000000, -49.099998, 5.000000, 0.000000, 0.500000, 0.500000, 0.150000, 0, 
0.862166, 0.019477, 0, 1, 8.621660, 29.845976, 10.000000, 1.533530, 0.000000, -49.099998, 5.000000, 0.000000, 0.500000, 0.500000, 0.150000, 0, 
0.881113, 0.018947, 0, 1, 8.811131, 29.871506, 10.000000, 1.347471, 0.000000, -49.099998, 5.000000, 0.000000, 0.500000, 0.500000, 0.150000, 0, 
0.902908, 0.021795, 0, 1, 9.029080, 29.896210, 10.000000, 1.133444, 0.000000, -49.099998, 5.000000, 0.000000, 0.500000, 0.500000, 0.150000, 0, 
0.923008, 0.020100, 0, 1, 9.230081, 29.915024, 10.000000, 0.936062, 0.000000, -49.099998, 5.000000, 0.000000, 0.500000, 0.500000, 0.150000, 0, 
0.943723, 0.020715, 0, 1, 9.437231, 29.930201, 10.000000, 0.732641, 0.000000, -49.099998, 5.000000, 0.000000, 0.500000, 0.500000, 0.150000, 0, 
0.966603, 0.022880, 0, 1, 9.666031, 29.941822, 10.000000, 0.507959, 0.000000, -49.099998, 5.000000, 0.000000, 0.500000, 0.500000, 0.150000, 0, 
0.985263, 0.018660, 0, 1, 9.852631, 29.947882, 10.000000, 0.324718, 0.000000, -49.099998, 5.000000, 0.000000, 0.500000, 0.500000, 0.150000, 0, 
1.006835, 0.021572, 0, 1, 10.068351, 29.950317, 10.000000, 0.112881, 0.000000, -49.099998, 5.000000, 0.000000, 0.500000, 0.500000, 0.150000, 0, 
1.023932, 0.017097, 0, 1, 10.239321, 29.949377, 10.000000, -0.055012, 0.000000, -49.099998, 5.000000, 0.000000, 0.500000, 0.500000, 0.150000, 0, 
1.043942, 0.020010, 0, 1, 10.439421, 29.944344, 10.000000, -0.251510, 0.000000, -49.099998, 5.000000, 0.000000, 0.500000, 0.500000, 0.150000, 0, 
1.061780, 0.017838, 0, 1, 10.617801, 29.936733, 10.000000, -0.426679, 0.000000, -49.099998, 5.000000, 0.000000, 0.500000, 0.500000, 0.150000, 0, 
1.078784, 0.017004, 0, 1, 10.787841, 29.926640, 10.000000, -0.593658, 0.000000, -49.099998, 5.000000, 0.000000, 0.500000, 0.500000, 0.150000, 0, 
1.096339, 0.017555, 0, 1, 10.963391, 29.913191, 10.000000, -0.766048, 0.000000, -49.099998, 5.000000, 0.000000, 0.500000, 0.500000, 0.150000, 0, 
1.115702, 0.019363, 0, 1, 11.157022, 29.894676, 10.000000, -0.956193, 0.000000, -49.099998, 5.000000, 0.000000, 0.500000, 0.500000, 0.150000, 0, 
1.133303, 0.017601, 0, 1, 11.333032, 29.874804, 10.000000, -1.129035, 0.000000, -49.099998, 5.000000, 0.000000, 0.500000, 0.500000, 0.150000, 0, 
1.152904, 0.019601, 0, 1, 11.529041, 29.848900, 10.000000, -1.321517, 0.000000, -49.099998, 5.000000, 0.000000, 0.500000, 0.500000, 0.150000, 0, 
1.176171, 0.023267, 0, 1, 11.761711, 29.812836, 10.000000, -1.549998, 0.000000, -49.099998, 5.000000, 0.000000, 0.500000, 0.500000, 0.150000, 0, 
1.200744, 0.024573, 0, 1, 12.007442, 29.768818, 10.000000, -1.791305, 0.000000, -49.099998, 5.000000, 0.000000, 0.500000, 0.500000, 0.150000, 0, 
1.224966, 0.024222, 0, 1, 12.249661, 29.719667, 10.000000, -2.029165, 0.000000, -49.099998, 5.000000, 0.000000, 0.500000, 0.500000, 0.150000, 0, 
1.244686, 0.019720, 0, 1, 12.446861, 29.675833, 10.000000, -2.222816, 0.000000, -49.099998, 5.000000, 0.000000, 0.500000, 0.500000, 0.150000, 0, 
1.261446, 0.016760, 0, 1, 12.614461, 29.635820, 10.000000, -2.387399, 0.000000, -49.099998, 5.000000, 0.000000, 0.500000, 0.500000, 0.150000, 0, 
1.278399, 0.016953, 0, 1, 12.783991, 29.592524, 10.000000, -2.553877, 0.000000, -49.099998, 5.000000, 0.000000, 0.500000, 0.500000, 0.150000, 0, 
1.297036, 0.018637, 0, 1, 12.970361, 29.541515, 10.000000, -2.736893, 0.000000, -49.099998, 5.000000, 0.000000, 0.500000, 0.500000, 0.150000, 0, 
1.318632, 0.021596, 0, 1, 13.186320, 29.477829, 10.000000, -2.948965, 0.000000, -49.099998, 5.000000, 0.000000, 0.500000, 0.500000, 0.150000, 0, 
1.337116, 0.018484, 0, 1, 13.371161, 29.419966, 10.000000, -3.130478, 0.000000, -49.099998, 5.000000, 0.000000, 0.500000, 0.500000, 0.150000, 0, 
1.354892, 0.017776, 0, 1, 13.548921, 29.361216, 10.000000, -3.305038, 0.000000, -49.099998, 5.000000, 0.000000, 0.500000, 0.500000, 0.150000, 0, 
1.373398, 0.018506, 0, 1, 13.733980, 29.296690, 10.000000, -3.486767, 0.000000, -49.099998, 5.000000, 0.000000, 0.500000, 0.500000, 0.150000, 0, 
1.395853, 0.022455, 0, 1, 13.958530, 29.213444, 10.000000, -3.707275, 0.000000, -49.099998, 5.000000, 0.000000, 0.500000, 0.500000, 0.150000, 0, 
1.419517, 0.023664, 0, 1, 14.195170, 29.120216, 10.000000, -3.939656, 0.000000, -49.099998, 5.000000, 0.000000, 0.500000, 0.500000, 0.150000, 0, 
1.436778, 0.017261, 0, 1, 14.367781, 29.049288, 10.000000, -4.109159, 0.000000, -49.099998, 5.000000, 0.000000, 0.500000, 0.500000, 0.150000, 0, 
1.455856, 0.019078, 0, 1, 14.558560, 28.967319, 10.000000, -4.296505, 0.000000, -49.099998, 5.000000, 0.000000, 0.500000, 0.500000, 0.150000, 0, 
1.474609, 0.018753, 0, 1, 14.746090, 28.883293, 10.000000, -4.480659, 0.000000, -49.099998, 5.000000, 0.000000, 0.500000, 0.500000, 0.150000, 0, 
1.491889, 0.017280, 0, 1, 14.918890, 28.802935, 10.000000, -4.650349, 0.000000, -49.099998, 5.000000, 0.000000, 0.500000, 0.500000, 0.150000, 0, 
1.508748, 0.016859, 0, 1, 15.087480, 28.721743, 10.000000, -4.815905, 0.000000, -49.099998, 5.000000, 0.000000, 0.500000, 0.500000, 0.150000, 0, 
1.525663, 0.016915, 0, 1, 15.256630, 28.637472, 10.000000, -4.982010, 0.000000, -49.099998, 5.000000, 0.000000, 0.500000, 0.500000, 0.150000, 0, 
1.546914, 0.021251, 0, 1, 15.469140, 28.527164, 10.000000, -5.190695, 0.000000, -49.099998, 5.000000, 0.000000, 0.500000, 0.500000, 0.150000, 0, 
1.569554, 0.022640, 0, 1, 15.695540, 28.404613, 10.000000, -5.413020, 0.000000, -49.099998, 5.000000, 0.000000, 0.500000, 0.500000, 0.150000, 0, 
1.586657, 0.017103, 0, 1, 15.866570, 28.309162, 10.000000, -5.580971, 0.000000, -49.099998, 5.000000, 0.000000, 0.500000, 0.500000, 0.150000, 0, 
1.608565, 0.021908, 0, 1, 16.085651, 28.182180, 10.000000, -5.796108, 0.000000, -49.099998, 5.000000, 0.000000, 0.500000, 0.500000, 0.150000, 0, 
1.625382, 0.016817, 0, 1, 16.253822, 28.081930, 10.000000, -5.961251, 0.000000, -49.099998, 5.000000, 0.000000, 0.500000, 0.500000, 0.150000, 0, 
1.646981, 0.021599, 0, 1, 16.469812, 27.948591, 10.000000, -6.173353, 0.000000, -49.099998, 5.000000, 0.000000, 0.500000, 0.500000, 0.150000, 0, 
1.665287, 0.018306, 0, 1, 16.652872, 27.832291, 10.000000, -6.353118, 0.000000, -49.099998, 5.000000, 0.000000, 0.500000, 0.500000, 0.150000, 0, 
1.687543, 0.022256, 0, 1, 16.875433, 27.686031, 10.000000, -6.571672, 0.000000, -49.099998, 5.000000, 0.000000, 0.500000, 0.500000, 0.150000, 0, 
1.704623, 0.017080, 0, 1, 17.046232, 27.570923, 10.000000, -6.739398, 0.000000, -49.099998, 5.000000, 0.000000, 0.500000, 0.500000, 0.150000, 0, 
1.721543, 0.016920, 0, 1, 17.215433, 27.454081, 10.000000, -6.905552, 0.000000, -49.099998, 5.000000, 0.000000, 0.500000, 0.500000, 0.150000, 0, 
1.743083, 0.021540, 0, 1, 17.430834, 27.300779, 10.000000, -7.117074, 0.000000, -49.099998, 5.000000, 0.000000, 0.500000, 0.500000, 0.150000, 0, 
1.764420, 0.021337, 0, 1, 17.644203, 27.144451, 10.000000, -7.326604, 0.000000, -49.099998, 5.000000, 0.000000, 0.500000, 0.500000, 0.150000, 0, 
1.786877, 0.022457, 0, 1, 17.868773, 26.974966, 10.000000, -7.547132, 0.000000, -49.099998, 5.000000, 0.000000, 0.500000, 0.500000, 0.150000, 0, 
1.804596, 0.017719, 0, 1, 18.045963, 26.838156, 10.000000, -7.721132, 0.000000, -49.099998, 5.000000, 0.000000, 0.500000, 0.500000, 0.150000, 0, 
1.824146, 0.019550, 0, 1, 18.241463, 26.683455, 10.000000, -7.913113, 0.000000, -49.099998, 5.000000, 0.000000, 0.500000, 0.500000, 0.150000, 0, 
1.843279, 0.019133, 0, 1, 18.432793, 26.528458, 10.000000, -8.100999, 0.000000, -49.099998, 5.000000, 0.000000, 0.500000, 0.500000, 0.150000, 0, 
1.864721, 0.021442, 0, 1, 18.647213, 26.350241, 10.000000, -8.311560, 0.000000, -49.099998, 5.000000, 0.000000, 0.500000, 0.500000, 0.150000, 0, 
1.882864, 0.018143, 0, 1, 18.828644, 26.196211, 10.000000, -8.489724, 0.000000, -49.099998, 5.000000, 0.000000, 0.500000, 0.500000, 0.150000, 0, 
1.904109, 0.021245, 0, 1, 19.041094, 26.011414, 10.000000, -8.698350, 0.000000, -49.099998, 5.000000, 0.000000, 0.500000, 0.500000, 0.150000, 0, 
1.924677, 0.020568, 0, 1, 19.246775, 25.828352, 10.000000, -8.900328, 0.000000, -49.099998, 5.000000, 0.000000, 0.500000, 0.500000, 0.150000, 0, 
1.944043, 0.019366, 0, 1, 19.440435, 25.652306, 10.000000, -9.090502, 0.000000, -49.099998, 5.000000, 0.000000, 0.500000, 0.500000, 0.150000, 0, 
1.965601, 0.021558, 0, 1, 19.656015, 25.451769, 10.000000, -9.302201, 0.000000, -49.099998, 5.000000, 0.000000, 0.500000, 0.500000, 0.150000, 0, 
1.983377, 0.017776, 0, 1, 19.833775, 25.283310, 10.000000, -9.476762, 0.000000, -49.099998, 5.000000, 0.000000, 0.500000, 0.500000, 0.150000, 0, 
2.000080, 0.016703, 0, 1, 20.000805, 25.122280, 10.000000, -9.640785, 0.000000, -49.099998, 5.000000, 0.000000, 0.500000, 0.500000, 0.150000, 0, 
2.023076, 0.022996, 0, 1, 20.230764, 24.895388, 10.000000, -9.866606, 0.000000, -49.099998, 5.000000, 0.000000, 0.500000, 0.500000, 0.150000, 0, 
2.041785, 0.018709, 0, 1, 20.417854, 24.707355, 10.000000, -10.050328, 0.000000, -49.099998, 5.000000, 0.000000, 0.500000, 0.500000, 0.150000, 0, 
2.058555, 0.016770, 0, 1, 20.585554, 24.536049, 10.000000, -10.215010, 0.000000, -49.099998, 5.000000, 0.000000, 0.500000, 0.500000, 0.150000, 0, 
2.083876, 0.025321, 0, 1, 20.838764, 24.271099, 10.000000, -10.463662, 0.000000, -49.099998, 5.000000, 0.000000, 0.500000, 0.500000, 0.150000, 0, 
2.147459, 0.063583, 0, 1, 21.474594, 23.566088, 10.000000, -11.088047, 0.000000, -49.099998, 5.000000, 0.000000, 0.500000, 0.500000, 0.150000, 0, 
2.166733, 0.019274, 0, 1, 21.667334, 23.348728, 10.000000, -11.277318, 0.000000, -49.099998, 5.000000, 0.000000, 0.500000, 0.500000, 0.150000, 0, 
2.185700, 0.018967, 0, 1, 21.857004, 23.131298, 10.000000, -11.463574, 0.000000, -49.099998, 5.000000, 0.000000, 0.500000, 0.500000, 0.150000, 0, 
2.207270, 0.021570, 0, 1, 22.072704, 22.879459, 10.000000, -11.675392, 0.000000, -49.099998, 5.000000, 0.000000, 0.500000, 0.500000, 0.150000, 0, 
2.224953, 0.017683, 0, 1, 22.249535, 22.669933, 10.000000, -11.849039, 0.000000, -49.099998, 5.000000, 0.000000, 0.500000, 0.500000, 0.150000, 0, 
2.246395, 0.021442, 0, 1, 22.463955, 22.411352, 10.000000, -12.059600, 0.000000, -49.099998, 5.000000, 0.000000, 0.500000, 0.500000, 0.150000, 0, 
2.269724, 0.023329, 0, 1, 22.697245, 22.124670, 10.000000, -12.288691, 0.000000, -49.099998, 5.000000, 0.000000, 0.500000, 0.500000, 0.150000, 0, 
2.292090, 0.022366, 0, 1, 22.920904, 21.844910, 10.000000, -12.508325, 0.000000, -49.099998, 5.000000, 0.000000, 0.500000, 0.500000, 0.150000, 0, 
2.313400, 0.021310, 0, 1, 23.134005, 21.573898, 10.000000, -12.717588, 0.000000, -49.099998, 5.000000, 0.000000, 0.500000, 0.500000, 0.150000, 0, 
2.330355, 0.016955, 0, 1, 23.303555, 21.355448, 10.000000, -12.884087, 0.000000, -49.099998, 5.000000, 0.000000, 0.500000, 0.500000, 0.150000, 0, 
2.352842, 0.022487, 0, 1, 23.528425, 21.060759, 10.000000, -13.104909, 0.000000, -49.099998, 5.000000, 0.000000, 0.500000, 0.500000, 0.150000, 0, 
2.372510, 0.019668, 0, 1, 23.725105, 20.799213, 10.000000, -13.298049, 0.000000, -49.099998, 5.000000, 0.000000, 0.500000, 0.500000, 0.150000, 0, 
2.390818, 0.018308, 0, 1, 23.908186, 20.552462, 10.000000, -13.477834, 0.000000, -49.099998, 5.000000, 0.000000, 0.500000, 0.500000, 0.150000, 0, 
2.414406, 0.023588, 0, 1, 24.144066, 20.229082, 10.000000, -13.709468, 0.000000, -49.099998, 5.000000, 0.000000, 0.500000, 0.500000, 0.150000, 0, 
2.432700, 0.018294, 0, 1, 24.327005, 19.974995, 10.000000, -13.889115, 0.000000, -49.099998, 5.000000, 0.000000, 0.500000, 0.500000, 0.150000, 0, 
2.456162, 0.023462, 0, 1, 24.561625, 19.643723, 10.000000, -14.119513, 0.000000, -49.099998, 5.000000, 0.000000, 0.500000, 0.500000, 0.150000, 0, 
2.474922, 0.018760, 0, 1, 24.749224, 19.375385, 10.000000, -14.303736, 0.000000, -49.099998, 5.000000, 0.000000, 0.500000, 0.500000, 0.150000, 0, 
2.492780, 0.017858, 0, 1, 24.927803, 19.116817, 10.000000, -14.479101, 0.000000, -49.099998, 5.000000, 0.000000, 0.500000, 0.500000, 0.150000, 0, 
2.510688, 0.017908, 0, 1, 25.106882, 18.854376, 10.000000, -14.654958, 0.000000, -49.099998, 5.000000, 0.000000, 0.500000, 0.500000, 0.150000, 0, 
2.528322, 0.017634, 0, 1, 25.283222, 18.592897, 10.000000, -14.828124, 0.000000, -49.099998, 5.000000, 0.000000, 0.500000, 0.500000, 0.150000, 0, 
2.546751, 0.018429, 0, 1, 25.467512, 18.316296, 10.000000, -15.009097, 0.000000, -49.099998, 5.000000, 0.000000, 0.500000, 0.500000, 0.150000, 0, 
2.569399, 0.022648, 0, 1, 25.693993, 17.971333, 10.000000, -15.231501, 0.000000, -49.099998, 5.000000, 0.000000, 0.500000, 0.500000, 0.150000, 0, 
2.590129, 0.020730, 0, 1, 25.901293, 17.651363, 10.000000, -15.435069, 0.000000, -49.099998, 5.000000, 0.000000, 0.500000, 0.500000, 0.150000, 0, 
2.610944, 0.020815, 0, 1, 26.109444, 17.325829, 10.000000, -15.639472, 0.000000, -49.099998, 5.000000, 0.000000, 0.500000, 0.500000, 0.150000, 0, 
2.631007, 0.020063, 0, 1, 26.310074, 17.008101, 10.000000, -15.836491, 0.000000, -49.099998, 5.000000, 0.000000, 0.500000, 0.500000, 0.150000, 0, 
2.653089, 0.022082, 0, 1, 26.530893, 16.653610, 10.000000, -16.053335, 0.000000, -49.099998, 5.000000, 0.000000, 0.500000, 0.500000, 0.150000, 0, 
2.673826, 0.020737, 0, 1, 26.738264, 16.316490, 10.000000, -16.256973, 0.000000, -49.099998, 5.000000, 0.000000, 0.500000, 0.500000, 0.150000, 0, 
2.694777, 0.020951, 0, 1, 26.947775, 15.971580, 10.000000, -16.462711, 0.000000, -49.099998, 5.000000, 0.000000, 0.500000, 0.500000, 0.150000, 0, 
2.715773, 0.020996, 0, 1, 27.157736, 15.621599, 10.000000, -16.668892, 0.000000, -49.099998, 5.000000, 0.000000, 0.500000, 0.500000, 0.150000, 0, 
2.739028, 0.023255, 0, 1, 27.390285, 15.228654, 10.000000, -16.897257, 0.000000, -49.099998, 5.000000, 0.000000, 0.500000, 0.500000, 0.150000, 0, 
2.759210, 0.020182, 0, 1, 27.592106, 14.883634, 10.000000, -17.095444, 0.000000, -49.099998, 5.000000, 0.000000, 0.500000, 0.500000, 0.150000, 0, 
2.779549, 0.020339, 0, 1, 27.795496, 14.531867, 10.000000, -17.295174, 0.000000, -49.099998, 5.000000, 0.000000, 0.500000, 0.500000, 0.150000, 0, 
2.798355, 0.018806, 0, 1, 27.983557, 14.203141, 10.000000, -17.479849, 0.000000, -49.099998, 5.000000, 0.000000, 0.500000, 0.500000, 0.150000, 0, 
2.820495, 0.022140, 0, 1, 28.204956, 13.811324, 10.000000, -17.697264, 0.000000, -49.099998, 5.000000, 0.000000, 0.500000, 0.500000, 0.150000, 0, 
2.840373, 0.019878, 0, 1, 28.403736, 13.455658, 10.000000, -17.892466, 0.000000, -49.099998, 5.000000, 0.000000, 0.500000, 0.500000, 0.150000, 0, 
2.863985, 0.023612, 0, 1, 28.639856, 13.027706, 10.000000, -18.124336, 0.000000, -49.099998, 5.000000, 0.000000, 0.500000, 0.500000, 0.150000, 0, 
2.880700, 0.016715, 0, 1, 28.807007, 12.722014, 10.000000, -18.288477, 0.000000, -49.099998, 5.000000, 0.000000, 0.500000, 0.500000, 0.150000, 0, 
2.898097, 0.017397, 0, 1, 28.980976, 12.400878, 10.000000, -18.459316, 0.000000, -49.099998, 5.000000, 0.000000, 0.500000, 0.500000, 0.150000, 0, 
2.914863, 0.016766, 0, 1, 29.148636, 12.088629, 10.000000, -18.623959, 0.000000, -49.099998, 5.000000, 0.000000, 0.500000, 0.500000, 0.150000, 0, 
2.937255, 0.022392, 0, 1, 29.372557, 11.666677, 10.000000, -18.843847, 0.000000, -49.099998, 5.000000, 0.000000, 0.500000, 0.500000, 0.150000, 0, 
2.959941, 0.022686, 0, 1, 29.599417, 11.234132, 10.000000, -19.066624, 0.000000, -49.099998, 5.000000, 0.000000, 0.500000, 0.500000, 0.150000, 0, 
2.978420, 0.018479, 0, 1, 29.784206, 10.878447, 10.000000, -19.248087, 0.000000, -49.099998, 5.000000, 0.000000, 0.500000, 0.500000, 0.150000, 0, 
2.997475, 0.019055, 0, 1, 29.974756, 10.508109, 10.000000, -19.435207, 0.000000, -49.099998, 5.000000, 0.000000, 0.500000, 0.500000, 0.150000, 0, 
3.018730, 0.021255, 0, 1, 30.187305, 10.090577, 10.000000, -19.643932, 0.000000, -49.099998, 5.000000, 0.000000, 0.500000, 0.500000, 0.150000, 0, 
3.039087, 0.020357, 0, 1, 30.390875, 9.686616, 10.000000, -19.843838, 0.000000, -49.099998, 5.000000, 0.000000, 0.500000, 0.500000, 0.150000, 0, 
3.056390, 0.017303, 0, 1, 30.563906, 9.340318, 10.000000, -20.013754, 0.000000, -49.099998, 5.000000, 0.000000, 0.500000, 0.500000, 0.150000, 0, 
3.077643, 0.021253, 0, 1, 30.776436, 8.910530, 10.000000, -20.222458, 0.000000, -49.099998, 5.000000, 0.000000, 0.500000, 0.500000, 0.150000, 0, 
3.096085, 0.018442, 0, 1, 30.960855, 8.534247, 10.000000, -20.403559, 0.000000, -49.099998, 5.000000, 0.000000, 0.500000, 0.500000, 0.150000, 0, 
3.114874, 0.018789, 0, 1, 31.148745, 8.147418, 10.000000, -20.588066, 0.000000, -49.099998, 5.000000, 0.000000, 0.500000, 0.500000, 0.150000, 0, 
3.139393, 0.024519, 0, 1, 31.393934, 7.636716, 10.000000, -20.828842, 0.000000, -49.099998, 5.000000, 0.000000, 0.500000, 0.500000, 0.150000, 0, 
3.159112, 0.019719, 0, 1, 31.591124, 7.222174, 10.000000, -21.022482, 0.000000, -49.099998, 5.000000, 0.000000, 0.500000, 0.500000, 0.150000, 0, 
3.180987, 0.021875, 0, 1, 31.809874, 6.757608, 10.000000, -21.237295, 0.000000, -49.099998, 5.000000, 0.000000, 0.500000, 0.500000, 0.150000, 0, 
3.201736, 0.020749, 0, 1, 32.017365, 6.312727, 10.000000, -21.441050, 0.000000, -49.099998, 5.000000, 0.000000, 0.500000, 0.500000, 0.150000, 0, 
3.219394, 0.017658, 0, 1, 32.193943, 5.931059, 10.000000, -21.614450, 0.000000, -49.099998, 5.000000, 0.000000, 0.500000, 0.500000, 0.150000, 0, 
3.236670, 0.017276, 0, 1, 32.366703, 5.554717, 10.000000, -21.784101, 0.000000, -49.099998, 5.000000, 0.000000, 0.500000, 0.500000, 0.150000, 0, 
3.253679, 0.017009, 0, 1, 32.536793, 5.181350, 10.000000, -21.951130, 0.000000, -49.099998, 5.000000, 0.000000, 0.500000, 0.500000, 0.150000, 0, 
3.271231, 0.017552, 0, 1, 32.712315, 4.793039, 10.000000, -22.123491, 0.000000, -49.099998, 5.000000, 0.000000, 0.500000, 0.500000, 0.150000, 0, 
3.292640, 0.021409, 0, 1, 32.926403, 4.314896, 10.000000, -22.333727, 0.000000, -49.099998, 5.000000, 0.000000, 0.500000, 0.500000, 0.150000, 0, 
3.310141, 0.017501, 0, 1, 33.101414, 3.921026, 10.000000, -22.505587, 0.000000, -49.099998, 5.000000, 0.000000, 0.500000, 0.500000, 0.150000, 0, 
3.330174, 0.020033, 0, 1, 33.301743, 3.466230, 10.000000, -22.702311, 0.000000, -49.099998, 5.000000, 0.000000, 0.500000, 0.500000, 0.150000, 0, 
3.352259, 0.022085, 0, 1, 33.522591, 2.960060, 10.000000, -22.919186, 0.000000, -49.099998, 5.000000, 0.000000, 0.500000, 0.500000, 0.150000, 0, 
3.373919, 0.021660, 0, 1, 33.739189, 2.459023, 10.000000, -23.131887, 0.000000, -49.099998, 5.000000, 0.000000, 0.500000, 0.500000, 0.150000, 0, 
3.390663, 0.016744, 0, 1, 33.906628, 2.068950, 10.000000, -23.296314, 0.000000, -49.099998, 5.000000, 0.000000, 0.500000, 0.500000, 0.150000, 0, 
3.407441, 0.016778, 0, 1, 34.074409, 1.675320, 10.000000, -23.461075, 0.000000, -49.099998, 5.000000, 0.000000, 0.500000, 0.500000, 0.150000, 0, 
3.424546, 0.017105, 0, 1, 34.245461, 1.271145, 10.000000, -23.629045, 0.000000, -49.099998, 5.000000, 0.000000, 0.500000, 0.500000, 0.150000, 0, 
3.441687, 0.017141, 0, 1, 34.416870, 0.863235, 10.000000, -23.797371, 0.000000, -49.099998, 5.000000, 0.000000, 0.500000, 0.500000, 0.150000, 0, 
3.459025, 0.017338, 0, 1, 34.590252, 0.447684, 10.000000, -23.967630, 0.000000, -49.099998, 5.000000, 0.000000, 0.500000, 0.500000, 0.150000, 0, 
3.476740, 0.017715, 0, 1, 34.767403, 0.020015, 10.000000, -24.141592, 0.000000, -49.099998, 5.000000, 0.000000, 0.500000, 0.500000, 0.150000, 0, 
3.493878, 0.017138, 0, 1, 34.938782, -0.396607, 10.000000, -24.309887, 0.000000, -49.099998, 5.000000, 0.000000, 0.500000, 0.500000, 0.150000, 0, 
3.511055, 0.017177, 0, 1, 35.110550, -0.817076, 10.000000, -24.478565, 0.000000, -49.099998, 5.000000, 0.000000, 0.500000, 0.500000, 0.150000, 0, 
3.531597, 0.020542, 0, 1, 35.315971, -1.324058, 10.000000, -24.680288, 0.000000, -49.099998, 5.000000, 0.000000, 0.500000, 0.500000, 0.150000, 0, 
3.553277, 0.021680, 0, 1, 35.532772, -1.863742, 10.000000, -24.893187, 0.000000, -49.099998, 5.000000, 0.000000, 0.500000, 0.500000, 0.150000, 0, 
3.571707, 0.018430, 0, 1, 35.717072, -2.325860, 10.000000, -25.074169, 0.000000, -49.099998, 5.000000, 0.000000, 0.500000, 0.500000, 0.150000, 0, 
3.589895, 0.018188, 0, 1, 35.898952, -2.785157, 10.000000, -25.252775, 0.000000, -49.099998, 5.000000, 0.000000, 0.500000, 0.500000, 0.150000, 0, 
3.607870, 0.017975, 0, 1, 36.078701, -3.242249, 10.000000, -25.429289, 0.000000, -49.099998, 5.000000, 0.000000, 0.500000, 0.500000, 0.150000, 0, 
3.626456, 0.018586, 0, 1, 36.264561, -3.718270, 10.000000, -25.611803, 0.000000, -49.099998, 5.000000, 0.000000, 0.500000, 0.500000, 0.150000, 0, 
3.643937, 0.017481, 0, 1, 36.439369, -4.168990, 10.000000, -25.783466, 0.000000, -49.099998, 5.000000, 0.000000, 0.500000, 0.500000, 0.150000, 0, 
3.661472, 0.017535, 0, 1, 36.614719, -4.624123, 10.000000, -25.955660, 0.000000, -49.099998, 5.000000, 0.000000, 0.500000, 0.500000, 0.150000, 0, 
3.679242, 0.017770, 0, 1, 36.792419, -5.088456, 10.000000, -26.130161, 0.000000, -49.099998, 5.000000, 0.000000, 0.500000, 0.500000, 0.150000, 0, 
3.696749, 0.017507, 0, 1, 36.967491, -5.548926, 10.000000, -26.302080, 0.000000, -49.099998, 5.000000, 0.000000, 0.500000, 0.500000, 0.150000, 0, 
3.715263, 0.018514, 0, 1, 37.152630, -6.039249, 10.000000, -26.483887, 0.000000, -49.099998, 5.000000, 0.000000, 0.500000, 0.500000, 0.150000, 0, 
3.732306, 0.017043, 0, 1, 37.323059, -6.493466, 10.000000, -26.651249, 0.000000, -49.099998, 5.000000, 0.000000, 0.500000, 0.500000, 0.150000, 0, 
3.749285, 0.016979, 0, 1, 37.492847, -6.948809, 10.000000, -26.817984, 0.000000, -49.099998, 5.000000, 0.000000, 0.500000, 0.500000, 0.150000, 0, 
3.767875, 0.018590, 0, 1, 37.678749, -7.450748, 10.000000, -27.000538, 0.000000, -49.099998, 5.000000, 0.000000, 0.500000, 0.500000, 0.150000, 0, 
3.870796, 0.102921, 0, 1, 38.707958, -10.333692, 10.000000, -28.011223, 0.000000, -49.099998, 5.000000, 0.000000, 0.500000, 0.500000, 0.150000, 0, 
